Profile_1             Profile_2             Profile_3             Profile_4             Profile_5             
x       y           x       y           x       y           x       y           x       y           
[m]     [m]         [m]     [m]         [m]     [m]         [m]     [m]         [m]     [m]         
0  -1.5554207e-08            0  -1.6883819e-08            0  -1.8307005e-08            0  -2.0006138e-08            0  -2.1746563e-08            
1.5452998e-09  -1.5142849e-08            1.5482317e-09  -1.6513556e-08            1.5519727e-09  -1.7902025e-08            1.5822776e-09  -1.9625647e-08            1.5658787e-09  -2.1328879e-08            
3.0905996e-09  -1.4754682e-08            3.0964633e-09  -1.6143315e-08            3.1039455e-09  -1.7521543e-08            3.1645553e-09  -1.9226924e-08            3.1317573e-09  -2.0971477e-08            
4.6358993e-09  -1.4400725e-08            4.644695e-09  -1.5754121e-08            4.6559182e-09  -1.7151207e-08            4.7468329e-09  -1.8827852e-08            4.697636e-09  -2.0567488e-08            
6.1811991e-09  -1.4041078e-08            6.1929266e-09  -1.538416e-08            6.2078909e-09  -1.6748262e-08            6.3291105e-09  -1.8443587e-08            6.2635146e-09  -2.018635e-08            
7.7264989e-09  -1.3677012e-08            7.7411583e-09  -1.5010845e-08            7.7598637e-09  -1.633601e-08            7.9113881e-09  -1.8038272e-08            7.8293933e-09  -1.9839529e-08            
9.2717987e-09  -1.3289407e-08            9.28939e-09  -1.4624765e-08            9.3118364e-09  -1.5952163e-08            9.4936658e-09  -1.7635648e-08            9.3952719e-09  -1.9476324e-08            
1.0817098e-08  -1.2928995e-08            1.0837622e-08  -1.4233428e-08            1.0863809e-08  -1.5582745e-08            1.1075943e-08  -1.7275081e-08            1.0961151e-08  -1.9136033e-08            
1.2362398e-08  -1.25813e-08            1.2385853e-08  -1.385777e-08            1.2415782e-08  -1.5239359e-08            1.2658221e-08  -1.688498e-08            1.2527029e-08  -1.8745543e-08            
1.3907698e-08  -1.2161965e-08            1.3934085e-08  -1.3478338e-08            1.3967755e-08  -1.4817761e-08            1.4240499e-08  -1.6462286e-08            1.4092908e-08  -1.8317736e-08            
1.5452998e-08  -1.179824e-08            1.5482317e-08  -1.3077985e-08            1.5519727e-08  -1.4451299e-08            1.5822776e-08  -1.6033025e-08            1.5658787e-08  -1.7930456e-08            
1.6998298e-08  -1.1445772e-08            1.7030548e-08  -1.2722894e-08            1.70717e-08  -1.404511e-08            1.7405054e-08  -1.5667407e-08            1.7224665e-08  -1.7542653e-08            
1.8543597e-08  -1.102475e-08            1.857878e-08  -1.2335946e-08            1.8623673e-08  -1.3622362e-08            1.8987332e-08  -1.5261959e-08            1.8790544e-08  -1.7140704e-08            
2.0088897e-08  -1.0659193e-08            2.0127012e-08  -1.1958265e-08            2.0175646e-08  -1.3302579e-08            2.0569609e-08  -1.4853454e-08            2.0356423e-08  -1.6743555e-08            
2.1634197e-08  -1.0297918e-08            2.1675243e-08  -1.1644287e-08            2.1727618e-08  -1.2904108e-08            2.2151887e-08  -1.448607e-08            2.1922301e-08  -1.6371233e-08            
2.3179497e-08  -9.9326319e-09            2.3223475e-08  -1.1172647e-08            2.3279591e-08  -1.2514703e-08            2.3734164e-08  -1.4075856e-08            2.348818e-08  -1.5980157e-08            
2.4724796e-08  -9.5487322e-09            2.4771707e-08  -1.0784655e-08            2.4831564e-08  -1.2125503e-08            2.5316442e-08  -1.3751551e-08            2.5054059e-08  -1.5594731e-08            
2.6270096e-08  -9.1574499e-09            2.6319938e-08  -1.0452576e-08            2.6383536e-08  -1.1756701e-08            2.689872e-08  -1.3347268e-08            2.6619937e-08  -1.5189627e-08            
2.7815396e-08  -8.790215e-09            2.786817e-08  -1.0042693e-08            2.7935509e-08  -1.1356972e-08            2.8480997e-08  -1.2946533e-08            2.8185816e-08  -1.4789161e-08            
2.9360696e-08  -8.4518732e-09            2.9416402e-08  -9.6455474e-09            2.9487482e-08  -1.0997253e-08            3.0063275e-08  -1.2506867e-08            2.9751694e-08  -1.4400714e-08            
3.0905996e-08  -8.1090554e-09            3.0964633e-08  -9.2627097e-09            3.1039455e-08  -1.0607863e-08            3.1645553e-08  -1.2157373e-08            3.1317573e-08  -1.3965577e-08            
3.2451295e-08  -7.7330244e-09            3.2512865e-08  -8.884291e-09            3.2591427e-08  -1.0241338e-08            3.322783e-08  -1.1786925e-08            3.2883452e-08  -1.3651596e-08            
3.3996595e-08  -7.3183601e-09            3.4061097e-08  -8.5328654e-09            3.41434e-08  -9.8488114e-09            3.4810108e-08  -1.1381872e-08            3.444933e-08  -1.3206835e-08            
3.5541895e-08  -6.9565451e-09            3.5609328e-08  -8.1442037e-09            3.5695373e-08  -9.4674899e-09            3.6392385e-08  -1.0973957e-08            3.6015209e-08  -1.285571e-08            
3.7087195e-08  -6.5725078e-09            3.715756e-08  -7.7402176e-09            3.7247346e-08  -9.0935518e-09            3.7974663e-08  -1.0563845e-08            3.7581088e-08  -1.2442318e-08            
3.8632494e-08  -6.2088702e-09            3.8705792e-08  -7.4033042e-09            3.8799318e-08  -8.692014e-09            3.9556941e-08  -1.0174894e-08            3.9146966e-08  -1.2102057e-08            
4.0177794e-08  -5.8407097e-09            4.0254023e-08  -7.0088905e-09            4.0351291e-08  -8.3009511e-09            4.1139218e-08  -9.7988899e-09            4.0712845e-08  -1.1714732e-08            
4.1723094e-08  -5.4885394e-09            4.1802255e-08  -6.682024e-09            4.1903264e-08  -7.8988057e-09            4.2721496e-08  -9.3832505e-09            4.2278724e-08  -1.129389e-08            
4.3268394e-08  -5.1230157e-09            4.3350487e-08  -6.2638826e-09            4.3455237e-08  -7.4662658e-09            4.4303774e-08  -8.988703e-09            4.3844602e-08  -1.0884899e-08            
4.4813694e-08  -4.8254021e-09            4.4898718e-08  -5.8472928e-09            4.5007209e-08  -7.1618487e-09            4.5886051e-08  -8.818484e-09            4.5410481e-08  -1.0654458e-08            
4.6358993e-08  -4.7744435e-09            4.644695e-08  -5.9476965e-09            4.6559182e-08  -7.200203e-09            4.7468329e-08  -8.70804e-09            4.697636e-08  -1.0534118e-08            
4.7904293e-08  -4.4580477e-09            4.7995182e-08  -5.5964028e-09            4.8111155e-08  -6.7810919e-09            4.9050606e-08  -8.3073854e-09            4.8542238e-08  -1.0147765e-08            
4.9449593e-08  -4.0494373e-09            4.9543413e-08  -5.1930309e-09            4.9663127e-08  -6.4825103e-09            5.0632884e-08  -7.9130469e-09            5.0108117e-08  -9.7768132e-09            
5.0994893e-08  -3.7159251e-09            5.1091645e-08  -4.7968173e-09            5.12151e-08  -6.02285e-09            5.2215162e-08  -7.4852909e-09            5.1673996e-08  -9.3933595e-09            
5.2540192e-08  -3.3666274e-09            5.2639877e-08  -4.4456425e-09            5.2767073e-08  -5.6422781e-09            5.3797439e-08  -7.1214746e-09            5.3239874e-08  -9.0134845e-09            
5.4085492e-08  -2.9668787e-09            5.4188108e-08  -4.0586489e-09            5.4319046e-08  -5.2137058e-09            5.5379717e-08  -6.7215259e-09            5.4805753e-08  -8.5942979e-09            
5.5630792e-08  -2.5857862e-09            5.573634e-08  -3.6795988e-09            5.5871018e-08  -4.843669e-09            5.6961995e-08  -6.3184527e-09            5.6371632e-08  -8.2035573e-09            
5.7176092e-08  -2.2175537e-09            5.7284571e-08  -3.3132628e-09            5.7422991e-08  -4.5262923e-09            5.8544272e-08  -5.9357352e-09            5.793751e-08  -7.8090601e-09            
5.8721392e-08  -1.8425537e-09            5.8832803e-08  -2.9346028e-09            5.8974964e-08  -4.134091e-09            6.012655e-08  -5.5383091e-09            5.9503389e-08  -7.4346927e-09            
6.0266691e-08  -1.4745545e-09            6.0381035e-08  -2.5601128e-09            6.0526937e-08  -3.7595646e-09            6.1708827e-08  -5.1214464e-09            6.1069268e-08  -7.0863905e-09            
6.1811991e-08  -1.120899e-09            6.1929266e-08  -2.1905978e-09            6.2078909e-08  -3.3892523e-09            6.3291105e-08  -4.7320849e-09            6.2635146e-08  -6.6919024e-09            
6.3357291e-08  -7.4480224e-10            6.3477498e-08  -1.7586491e-09            6.3630882e-08  -2.9996335e-09            6.4873383e-08  -4.3683974e-09            6.4201025e-08  -6.2585976e-09            
6.4902591e-08  -3.8940874e-10            6.502573e-08  -1.4366842e-09            6.5182855e-08  -2.6140529e-09            6.645566e-08  -3.965722e-09            6.5766904e-08  -5.8900223e-09            
6.644789e-08  -4.7116755e-11            6.6573961e-08  -1.0551998e-09            6.6734828e-08  -2.2385807e-09            6.8037938e-08  -3.5631189e-09            6.7332782e-08  -5.5166608e-09            
6.799319e-08  2.994484e-10            6.8122193e-08  -6.9022196e-10            6.82868e-08  -1.8675671e-09            6.9620216e-08  -3.1973018e-09            6.8898661e-08  -5.150423e-09            
6.953849e-08  6.7677831e-10            6.9670425e-08  -3.1289368e-10            6.9838773e-08  -1.5032123e-09            7.1202493e-08  -2.8405148e-09            7.046454e-08  -4.7405862e-09            
7.108379e-08  1.0120133e-09            7.1218656e-08  5.1757736e-11            7.1390746e-08  -1.1294132e-09            7.2784771e-08  -2.4858018e-09            7.2030418e-08  -4.3343302e-09            
7.262909e-08  1.3660569e-09            7.2766888e-08  4.2728162e-10            7.2942718e-08  -7.490434e-10            7.4367049e-08  -2.0938023e-09            7.3596297e-08  -3.964402e-09            
7.4174389e-08  1.7477813e-09            7.431512e-08  7.9540302e-10            7.4494691e-08  -3.5307825e-10            7.5949326e-08  -1.6805678e-09            7.5162176e-08  -3.5751242e-09            
7.5719689e-08  2.1086715e-09            7.5863351e-08  1.1642312e-09            7.6046664e-08  3.1188026e-11            7.7531604e-08  -1.2918245e-09            7.6728054e-08  -3.2049657e-09            
7.7264989e-08  2.4454157e-09            7.7411583e-08  1.5093584e-09            7.7598637e-08  4.0334569e-10            7.9113881e-08  -9.0573695e-10            7.8293933e-08  -2.8336263e-09            
7.8810289e-08  2.8250604e-09            7.8959815e-08  1.86054e-09            7.9150609e-08  7.957358e-10            8.0696159e-08  -5.2215478e-10            7.9859812e-08  -2.4322539e-09            
8.0355588e-08  3.1761394e-09            8.0508046e-08  2.2285186e-09            8.0702582e-08  1.172136e-09            8.2278437e-08  -1.2722666e-10            8.142569e-08  -2.0236207e-09            
8.1900888e-08  3.5193315e-09            8.2056278e-08  2.6094681e-09            8.2254555e-08  1.5416091e-09            8.3860714e-08  2.3983273e-10            8.2991569e-08  -1.6063815e-09            
8.3446188e-08  3.8927388e-09            8.360451e-08  3.0113271e-09            8.3806528e-08  1.878999e-09            8.5442992e-08  6.1795983e-10            8.4557447e-08  -1.2431037e-09            
8.4991488e-08  4.2438087e-09            8.5152741e-08  3.3445448e-09            8.53585e-08  2.2598433e-09            8.702527e-08  1.0145889e-09            8.6123326e-08  -8.8084633e-10            
8.6536788e-08  4.5924217e-09            8.6700973e-08  3.7132774e-09            8.6910473e-08  2.6526186e-09            -          -              8.7689205e-08  -5.2830491e-10            
8.8082087e-08  4.9644419e-09            8.8249205e-08  4.073393e-09            8.8462446e-08  3.0193363e-09            -          -              -          -              
8.9627387e-08  5.328649e-09            8.9797436e-08  4.4251258e-09            9.0014419e-08  3.3963722e-09            -          -              -          -              
9.1172687e-08  5.684059e-09            9.1345668e-08  4.7705315e-09            9.1566391e-08  3.7556146e-09            -          -              -          -              
9.2717987e-08  6.0356948e-09            9.28939e-08  5.1416816e-09            -          -              -          -              -          -              
9.4263286e-08  6.3850491e-09            9.4442131e-08  5.5053319e-09            -          -              -          -              -          -              
9.5808586e-08  6.7468463e-09            -          -              -          -              -          -              -          -              
9.7353886e-08  7.1510833e-09            -          -              -          -              -          -              -          -              
