97,022570 1069,882140 20,386981 14,889831 340481,224000 96,022570 -0,143382 
97,020137 1069,883830 20,386273 14,889402 338416,284000 96,020137 -0,143382 
97,019922 1069,890330 20,386205 14,889187 338793,353000 96,019922 -0,143382 
97,021424 1069,943250 20,386161 14,889312 338518,710000 96,021424 -0,143381 
97,019578 1069,889030 20,385866 14,889028 338849,080000 96,019578 -0,143382 
97,018472 1069,900750 20,385638 14,888901 339593,907000 96,018472 -0,143382 
97,016036 1069,891720 20,385420 14,888738 339747,861000 96,016036 -0,143382 
97,012969 1069,889820 20,385057 14,888499 340402,750000 96,012969 -0,143382 
97,010093 1069,898250 20,382805 14,886818 1004907,950000 96,010093 -0,143382 
97,009121 1070,127590 20,382686 14,886748 340231,084000 96,009121 -0,143377 
97,003985 1069,470500 20,382744 14,886801 1003373,600000 96,003985 -0,143390 
97,005266 1070,010990 20,382571 14,886575 340304,413000 96,005266 -0,143380 
97,004765 1069,945720 20,382509 14,886588 341030,660000 96,004765 -0,143381 
97,002582 1069,858310 20,382172 14,886316 340975,489000 96,002582 -0,143383 
96,993850 1069,936300 20,380048 14,884876 339602,412000 95,993850 -0,143381 
96,994657 1069,939310 20,379976 14,884744 339040,113000 95,994657 -0,143381 
96,993725 1069,932830 20,380066 14,884802 339503,835000 95,993725 -0,143381 
96,993728 1069,940740 20,379951 14,884726 339705,582000 95,993728 -0,143381 
96,993403 1069,940130 20,379894 14,884625 340168,151000 95,993403 -0,143381 
96,988296 1069,909430 20,378841 14,883915 339882,455000 95,988296 -0,143382 
96,989028 1069,928630 20,378758 14,883880 339558,456000 95,989028 -0,143381 
96,988702 1069,934250 20,378784 14,883871 339549,212000 95,988702 -0,143381 
96,989219 1069,949920 20,378657 14,883817 340322,794000 95,989219 -0,143381 
96,987654 1069,931050 20,378678 14,883828 340175,275000 95,987654 -0,143381 
96,981666 1069,952040 20,376794 14,882513 1000986,050000 95,981666 -0,143381 
96,982826 1070,014670 20,376803 14,882454 338742,634000 95,982826 -0,143380 
96,981029 1069,966090 20,376840 14,882530 339445,968000 95,981029 -0,143381 
96,982007 1069,952040 20,376848 14,882522 339932,941000 95,982007 -0,143381 
96,982446 1069,956880 20,376813 14,882520 339191,878000 95,982446 -0,143381 
96,978687 1069,922540 20,375915 14,881877 337275,341000 95,978687 -0,143381 
96,979307 1069,929730 20,375945 14,881809 337635,555000 95,979307 -0,143381 
96,977422 1069,927750 20,375860 14,881751 336959,940000 95,977422 -0,143381 
96,976697 1069,926750 20,375762 14,881792 336982,009000 95,976697 -0,143381 
96,977930 1069,911900 20,375798 14,881728 337821,096000 95,977930 -0,143382 
96,978651 1070,012880 20,375736 14,881676 1003376,760000 95,978651 -0,143380 
96,978500 1070,009180 20,375683 14,881738 1001313,590000 95,978500 -0,143380 
96,979990 1070,005460 20,375785 14,881794 337797,762000 95,979990 -0,143380 
96,978619 1069,977000 20,375774 14,881725 337500,369000 95,978619 -0,143380 
96,979725 1069,969090 20,375928 14,881823 338124,416000 95,979725 -0,143380 
87,822846 1090,034830 18,186702 13,299864 1548706,790000 86,822846 -0,142980 
87,821429 1090,064250 18,186584 13,299761 1552956,890000 86,821429 -0,142980 
87,821670 1090,058860 18,186503 13,299717 1552440,660000 86,821670 -0,142980 
87,820449 1090,058130 18,186429 13,299703 1555845,940000 86,820449 -0,142980 
87,820552 1090,057440 18,186365 13,299558 1558753,240000 86,820552 -0,142980 
87,803165 1090,100030 18,182424 13,296756 1560797,160000 86,803165 -0,142979 
87,801629 1090,111070 18,182278 13,296698 1557993,290000 86,801629 -0,142979 
87,802108 1090,096770 18,182272 13,296578 1555723,450000 86,802108 -0,142979 
87,800900 1090,106560 18,182209 13,296431 1557588,960000 86,800900 -0,142979 
87,791885 1090,107550 18,180408 13,295065 1566845,970000 86,791885 -0,142979 
87,793600 1090,103700 18,180395 13,295071 1567033,660000 86,793600 -0,142979 
87,792452 1090,121660 18,180250 13,295074 1569386,920000 86,792452 -0,142979 
87,791492 1090,107720 18,180326 13,295009 1566518,560000 86,791492 -0,142979 
87,792897 1090,104110 18,180300 13,295097 1575645,820000 86,792897 -0,142979 
87,797781 1090,113910 18,181639 13,295915 1565099,940000 86,797781 -0,142979 
87,797237 1090,110910 18,181756 13,296071 1566595,200000 86,797237 -0,142979 
87,798548 1090,103210 18,181843 13,296124 1569815,500000 86,798548 -0,142979 
87,799160 1090,101790 18,181780 13,296107 1569898,980000 86,799160 -0,142979 
87,799085 1090,122510 18,181887 13,296195 1564014,320000 86,799085 -0,142979 
87,829739 1090,032710 18,189584 13,301633 1562266,830000 86,829739 -0,142980 
87,830893 1090,038570 18,189547 13,301764 1564896,940000 86,830893 -0,142980 
87,832164 1090,026730 18,189842 13,301788 1555383,190000 86,832164 -0,142981 
84,437708 1097,983310 17,323470 12,683461 1877660,640000 83,437708 -0,142832 
84,387861 1098,129790 17,312127 12,675208 1885038,650000 83,387861 -0,142829 
84,339099 1098,237750 17,300739 12,666791 1841596,300000 83,339099 -0,142827 
82,037281 1103,813190 16,765671 12,277142 2009911,810000 81,037281 -0,142724 
81,959663 1103,982670 16,747792 12,264028 2022286,370000 80,959663 -0,142721 
81,921163 1104,083740 16,738743 12,257505 2046320,160000 80,921163 -0,142719 
81,883398 1104,174700 16,729823 12,250990 2073044,410000 80,883398 -0,142717 
80,077876 1108,690270 16,309026 11,944398 2088275,320000 79,077876 -0,142634 
80,047260 1108,756650 16,301943 11,939202 2091127,190000 79,047260 -0,142633 
80,016220 1108,823970 16,294851 11,934080 2092375,690000 79,016220 -0,142632 
78,801057 1111,901940 16,011512 11,727542 2211105,440000 77,801057 -0,142576 
78,777004 1111,990800 16,005639 11,723338 2216212,540000 77,777004 -0,142574 
78,751838 1112,052710 15,999923 11,719170 2216825,220000 77,751838 -0,142573 
78,727325 1112,098970 15,994241 11,714964 2221191,520000 77,727325 -0,142572 
78,702537 1112,170250 15,988463 11,710727 2221227,720000 77,702537 -0,142571 
77,645769 1114,878520 15,741920 11,531004 2328017,960000 76,645769 -0,142521 
77,625510 1114,939850 15,737102 11,527610 2329938,490000 76,625510 -0,142520 
77,605202 1115,012570 15,732516 11,524107 2362114,900000 76,605202 -0,142519 
77,584936 1115,058290 15,727865 11,520740 2360103,960000 76,584936 -0,142518 
77,565393 1115,112980 15,723163 11,517341 2387969,150000 76,565393 -0,142517 
76,709826 1117,322430 15,523504 11,371684 2428064,220000 75,709826 -0,142477 
76,693924 1117,349320 15,519772 11,368962 2448114,810000 75,693924 -0,142476 
76,678081 1117,402680 15,516016 11,366230 2444153,580000 75,678081 -0,142475 
76,662407 1117,458860 15,512308 11,363527 2444798,190000 75,662407 -0,142474 
75,389732 1120,802140 15,215430 11,146950 2701517,610000 74,389732 -0,142414 
75,378255 1120,830660 15,212918 11,145082 2699667,170000 74,378255 -0,142413 
75,367566 1120,877690 15,210375 11,143288 2710003,810000 74,367566 -0,142412 
75,357180 1120,890910 15,207931 11,141407 2687905,390000 74,357180 -0,142412 
75,345930 1120,939320 15,205422 11,139585 2701188,500000 74,345930 -0,142411 
74,900991 1122,119090 15,101834 11,064056 2789376,870000 73,900991 -0,142390 
74,893184 1122,141290 15,099864 11,062531 2783035,360000 73,893184 -0,142389 
74,884100 1122,168490 15,097731 11,060986 2793475,270000 73,884100 -0,142389 
74,875422 1122,198700 15,095570 11,059525 2791511,490000 73,875422 -0,142388 
74,857683 1122,246820 15,091485 11,056550 2803103,770000 73,857683 -0,142388 
74,523514 1123,146520 15,013494 10,999540 2814559,660000 73,523514 -0,142371 
74,514562 1123,173290 15,011898 10,998394 2845270,110000 73,514562 -0,142371 
74,509840 1123,160620 15,010276 10,997079 2785297,120000 73,509840 -0,142371 
74,502018 1123,206250 15,008547 10,995902 2812997,580000 73,502018 -0,142370 
74,495112 1123,206210 15,006867 10,994836 2840171,890000 73,495112 -0,142370 
73,982699 1124,605180 14,887276 10,907366 2846670,510000 72,982699 -0,142345 
73,977619 1124,597410 14,886346 10,906614 2844358,270000 72,977619 -0,142345 
73,972884 1124,617580 14,885102 10,905734 2837440,490000 72,972884 -0,142345 
73,969601 1124,644460 14,884033 10,904946 2841950,840000 72,969601 -0,142344 
73,963408 1124,639430 14,882900 10,904189 2847936,000000 72,963408 -0,142344 
73,773236 1125,181010 14,838622 10,871757 2860769,220000 72,773236 -0,142335 
73,769508 1125,175150 14,837599 10,871129 2862327,810000 72,769508 -0,142335 
73,765208 1125,170180 14,836925 10,870544 2865572,700000 72,765208 -0,142335 
73,762209 1125,178010 14,836088 10,869901 2864470,730000 72,762209 -0,142335 
73,759191 1125,196230 14,835199 10,869277 2867370,030000 72,759191 -0,142334 
73,754594 1125,196740 14,834361 10,868604 2891840,160000 72,754594 -0,142334 
73,604551 1125,603660 14,799462 10,843157 2977327,630000 72,604551 -0,142327 
73,601277 1125,638110 14,798737 10,842610 2990791,420000 72,601277 -0,142326 
73,599087 1125,656870 14,798051 10,842128 2985388,600000 72,599087 -0,142326 
73,596530 1125,656520 14,797299 10,841515 2989140,070000 72,596530 -0,142326 
73,592862 1125,658740 14,796774 10,841154 3006791,640000 72,592862 -0,142326 
73,490966 1125,940410 14,773173 10,823909 3028232,460000 72,490966 -0,142321 
73,488989 1125,934980 14,772598 10,823508 3025910,470000 72,488989 -0,142321 
73,486048 1125,946560 14,771921 10,823102 3018366,970000 72,486048 -0,142321 
73,485246 1125,970000 14,771599 10,822779 3013849,830000 72,485246 -0,142320 
73,482041 1125,932390 14,771071 10,822313 3020520,070000 72,482041 -0,142321 
73,400945 1126,185340 14,752472 10,808797 3033703,880000 72,400945 -0,142317 
73,399398 1126,156660 14,752412 10,808661 3039897,960000 72,399398 -0,142317 
73,400310 1126,172270 14,752170 10,808470 3027833,730000 72,400310 -0,142317 
73,398286 1126,199350 14,751974 10,808376 3029758,020000 72,398286 -0,142316 
73,397446 1126,183580 14,751884 10,808208 3033872,760000 72,397446 -0,142317 
65,728777 1148,182570 12,866338 9,445400 4955778,510000 64,728777 -0,141926 
65,630699 1148,452940 12,843812 9,429093 4988311,220000 64,630699 -0,141921 
65,535208 1148,756490 12,821731 9,412760 5013487,330000 64,535208 -0,141916 
59,528967 1167,990260 11,427254 8,389888 7842686,190000 58,528967 -0,141582 
59,459285 1168,210400 11,410964 8,377821 7977287,010000 58,459285 -0,141578 
59,389819 1168,461850 11,394810 8,365876 7995722,940000 58,389819 -0,141574 
59,251739 1168,928420 11,362577 8,342340 8081461,770000 58,251739 -0,141566 
59,183060 1169,173560 11,346525 8,330629 8119195,290000 58,183060 -0,141562 
54,881057 1184,281270 10,343795 7,593843 11282881,900000 53,881057 -0,141305 
54,831544 1184,478150 10,332134 7,585414 11394686,400000 53,831544 -0,141302 
54,781378 1184,640250 10,320507 7,576885 11433221,000000 53,781378 -0,141299 
54,732529 1184,833730 10,309017 7,568331 11472152,500000 53,732529 -0,141296 
54,683145 1185,025300 10,297385 7,559828 11511390,800000 53,683145 -0,141292 
53,473581 1189,507230 10,013354 7,350943 12669484,700000 52,473581 -0,141217 
52,507055 1193,107380 9,787851 7,185139 13736644,200000 51,507055 -0,141157 
52,453420 1193,323730 9,775399 7,175889 13884420,900000 51,453420 -0,141153 
52,399806 1193,535670 9,762878 7,166701 13955909,500000 51,399806 -0,141150 
52,346319 1193,738560 9,750429 7,157592 14065564,500000 51,346319 -0,141146 
52,293863 1193,959120 9,738166 7,148528 14139158,600000 51,293863 -0,141143 
50,719913 1200,077650 9,371051 6,878318 15977101,900000 49,719913 -0,141041 
50,634391 1200,420250 9,351163 6,863673 16096610,200000 49,634391 -0,141035 
50,591869 1200,594510 9,341207 6,856391 16165011,200000 49,591869 -0,141032 
50,550367 1200,765590 9,331274 6,849231 16319721,000000 49,550367 -0,141030 
49,439391 1205,233690 9,072333 6,658458 16923865,800000 48,439391 -0,140956 
49,404516 1205,405240 9,064185 6,652448 16876674,600000 48,404516 -0,140953 
49,369489 1205,550270 9,056050 6,646454 17008638,600000 48,369489 -0,140950 
49,334035 1205,689750 9,048121 6,640553 17068691,900000 48,334035 -0,140948 
49,301251 1205,818140 9,040045 6,634711 16989750,900000 48,301251 -0,140946 
48,341083 1209,683420 8,816135 6,469740 18595724,300000 47,341083 -0,140882 
48,313241 1209,803120 8,809563 6,464939 18615339,700000 47,313241 -0,140881 
48,285002 1209,933580 8,803171 6,460176 18688264,300000 47,285002 -0,140878 
48,256095 1210,058400 8,796664 6,455482 18927777,000000 47,256095 -0,140876 
48,230095 1210,169210 8,790364 6,450747 18867165,600000 47,230095 -0,140875 
47,423096 1213,565260 8,601893 6,311921 20966005,800000 46,423096 -0,140819 
47,400151 1213,639960 8,596881 6,308194 20906215,600000 46,400151 -0,140818 
47,379471 1213,730360 8,591780 6,304392 21106710,800000 46,379471 -0,140816 
47,358247 1213,811130 8,586735 6,300750 21074556,600000 46,358247 -0,140815 
47,336441 1213,913090 8,581782 6,297002 21074268,400000 46,336441 -0,140813 
46,740493 1216,449410 8,442843 6,194742 22293953,100000 45,740493 -0,140772 
46,723567 1216,530270 8,438868 6,191768 22342810,400000 45,723567 -0,140771 
46,705980 1216,625510 8,434849 6,188788 22456685,200000 45,705980 -0,140769 
46,689436 1216,693950 8,430831 6,185815 22339567,900000 45,689436 -0,140768 
46,670466 1216,749480 8,426887 6,182890 22376695,700000 45,670466 -0,140767 
46,187010 1218,875520 8,313762 6,099503 23004191,600000 45,187010 -0,140732 
46,173236 1218,933400 8,310516 6,097190 23091265,800000 45,173236 -0,140731 
46,161107 1218,977720 8,307486 6,094911 23093771,400000 45,161107 -0,140731 
45,774750 1220,618600 8,217505 6,028539 23685480,500000 44,774750 -0,140704 
45,763851 1220,679640 8,214963 6,026667 23840066,600000 44,763851 -0,140703 
45,752985 1220,715590 8,212451 6,024824 23781317,300000 44,752985 -0,140703 
45,742429 1220,770820 8,209958 6,022995 23808864,900000 44,742429 -0,140702 
45,732505 1220,839120 8,207458 6,021215 23973843,500000 44,732505 -0,140701 
45,721212 1220,883000 8,204825 6,019342 23984063,900000 44,721212 -0,140700 
45,447755 1222,093500 8,132218 5,965698 24482162,900000 44,447755 -0,140680 
45,440495 1222,113890 8,130260 5,964295 24524538,900000 44,440495 -0,140680 
45,431325 1222,143630 8,128360 5,962898 24489088,000000 44,431325 -0,140679 
45,423088 1222,185180 8,126461 5,961428 24411360,800000 44,423088 -0,140679 
45,415808 1222,230850 8,124516 5,960015 24588310,400000 44,415808 -0,140678 
45,186805 1223,235010 8,071591 5,920965 25290549,300000 44,186805 -0,140662 
45,178867 1223,257720 8,070042 5,919786 25275117,200000 44,178867 -0,140661 
45,172414 1223,275230 8,068507 5,918713 25383893,200000 44,172414 -0,140661 
45,166219 1223,293430 8,066959 5,917588 25292608,300000 44,166219 -0,140661 
45,159921 1223,307560 8,065416 5,916440 25398827,500000 44,159921 -0,140661 
44,964439 1224,218090 8,020147 5,883044 25826449,800000 43,964439 -0,140646 
44,959134 1224,223930 8,018949 5,882130 25818986,300000 43,959134 -0,140646 
44,954490 1224,242810 8,017848 5,881285 25941565,200000 43,954490 -0,140645 
44,949162 1224,272110 8,016610 5,880383 25832769,200000 43,949162 -0,140645 
44,943390 1224,296410 8,015400 5,879624 25853628,000000 43,943390 -0,140645 
44,815494 1224,870060 7,985474 5,857412 26291734,900000 43,815494 -0,140635 
44,810265 1224,891360 7,984594 5,856749 26202756,200000 43,810265 -0,140635 
44,807012 1224,908900 7,983744 5,856157 26380215,200000 43,807012 -0,140635 
44,802644 1224,936290 7,982931 5,855558 26360978,300000 43,802644 -0,140634 
44,799478 1224,965010 7,982064 5,854849 26407767,300000 43,799478 -0,140634 
44,688265 1225,426400 7,956399 5,836036 26625199,500000 43,688265 -0,140626 
44,686774 1225,429780 7,955748 5,835539 26679916,600000 43,686774 -0,140626 
44,683838 1225,455870 7,955131 5,835060 26573994,900000 43,683838 -0,140626 
44,681525 1225,457110 7,954456 5,834473 26557892,400000 43,681525 -0,140626 
44,678257 1225,481780 7,953834 5,834053 26401644,400000 43,678257 -0,140625 
44,599923 1225,862040 7,935757 5,820687 26846266,400000 43,599923 -0,140619 
44,596424 1225,881160 7,935207 5,820408 26789318,000000 43,596424 -0,140619 
44,594950 1225,890720 7,934851 5,820021 26664070,600000 43,594950 -0,140619 
41,132845 1241,817050 7,043712 5,176149 36640925,100000 40,132845 -0,140364 
40,978177 1242,549810 7,009102 5,150463 37114660,200000 39,978177 -0,140352 
40,824043 1243,295950 6,974859 5,125121 37600643,500000 39,824043 -0,140341 
40,671885 1244,032300 6,940875 5,099715 38170448,500000 39,671885 -0,140329 
36,817523 1263,643590 6,069760 4,453545 56186463,600000 35,817523 -0,140022 
36,686023 1264,323680 6,039902 4,431435 56476214,500000 35,686023 -0,140011 
36,555372 1265,014780 6,010524 4,409613 57244588,300000 35,555372 -0,140000 
36,427088 1265,743700 5,982098 4,388810 58158969,700000 35,427088 -0,139989 
36,304366 1266,402800 5,954147 4,368165 58788500,800000 35,304366 -0,139979 
33,067621 1284,693870 5,224508 3,826792 82729415,500000 32,067621 -0,139698 
32,967206 1285,298650 5,201714 3,809944 82867974,000000 31,967206 -0,139689 
32,865803 1285,897770 5,179262 3,793280 84114803,000000 31,865803 -0,139680 
32,767731 1286,496650 5,156902 3,776655 84898590,100000 31,767731 -0,139671 
32,667749 1287,070680 5,134596 3,760093 86275921,300000 31,667749 -0,139662 
32,569655 1287,679950 5,112578 3,743743 86716489,900000 31,569655 -0,139653 
29,750707 1305,259710 4,485570 3,278029 115927779,000000 28,750707 -0,139389 
29,673180 1305,776600 4,468263 3,265215 116972859,000000 28,673180 -0,139382 
29,595267 1306,290990 4,451126 3,252449 116476654,000000 28,595267 -0,139374 
29,518161 1306,808810 4,434154 3,239799 119204523,000000 28,518161 -0,139366 
29,442119 1307,325180 4,417209 3,227184 117892014,000000 28,442119 -0,139358 
29,364931 1307,829540 4,400480 3,214767 98999999999999993400000000000000000000,000000 28,364931 -0,139351 
26,878732 1324,952140 3,858066 2,811200 98999999999999993400000000000000000000,000000 25,878732 -0,139099 
26,822010 1325,330690 3,845866 2,802376 98999999999999993400000000000000000000,000000 25,822010 -0,139093 
26,766433 1325,702930 3,833999 2,793398 98999999999999993400000000000000000000,000000 25,766433 -0,139088 
26,711579 1326,116210 3,822058 2,784556 98999999999999993400000000000000000000,000000 25,711579 -0,139082 
26,655810 1326,527280 3,810272 2,775779 98999999999999993400000000000000000000,000000 25,655810 -0,139076 
24,949887 1339,214630 3,446054 2,504595 98999999999999993400000000000000000000,000000 23,949887 -0,138892 
24,908641 1339,532600 3,437400 2,498100 98999999999999993400000000000000000000,000000 23,908641 -0,138887 
24,829451 1340,117410 3,420517 2,485619 98999999999999993400000000000000000000,000000 23,829451 -0,138879 
23,776543 1348,341650 3,199872 2,321279 98999999999999993400000000000000000000,000000 22,776543 -0,138761 
23,745822 1348,601580 3,193567 2,316500 98999999999999993400000000000000000000,000000 22,745822 -0,138757 
23,715233 1348,858440 3,187187 2,311733 98999999999999993400000000000000000000,000000 22,715233 -0,138754 
23,685616 1349,129120 3,180917 2,307037 98999999999999993400000000000000000000,000000 22,685616 -0,138750 
22,726653 1356,905280 2,983144 2,159662 98999999999999993400000000000000000000,000000 21,726653 -0,138639 
22,705506 1357,151030 2,978811 2,156396 98999999999999993400000000000000000000,000000 21,705506 -0,138636 
22,685131 1357,330790 2,974451 2,153205 98999999999999993400000000000000000000,000000 21,685131 -0,138633 
22,664598 1357,458330 2,970256 2,150173 98999999999999993400000000000000000000,000000 21,664598 -0,138631 
22,644360 1357,620880 2,966170 2,147024 98999999999999993400000000000000000000,000000 21,644360 -0,138629 
22,117819 1362,118180 2,858821 2,066970 98999999999999993400000000000000000000,000000 21,117819 -0,138566 
22,102024 1362,248940 2,855692 2,064709 98999999999999993400000000000000000000,000000 21,102024 -0,138564 
22,088071 1362,348370 2,852657 2,062393 98999999999999993400000000000000000000,000000 21,088071 -0,138562 
22,072149 1362,493150 2,849656 2,060173 98999999999999993400000000000000000000,000000 21,072149 -0,138560 
22,057441 1362,648230 2,846671 2,057882 98999999999999993400000000000000000000,000000 21,057441 -0,138558 
21,664451 1366,042790 2,767382 1,998753 98999999999999993400000000000000000000,000000 20,664451 -0,138510 
21,653912 1366,142250 2,765227 1,997123 98999999999999993400000000000000000000,000000 20,653912 -0,138509 
21,643488 1366,219350 2,763035 1,995539 98999999999999993400000000000000000000,000000 20,643488 -0,138508 
21,632119 1366,324960 2,760837 1,993852 98999999999999993400000000000000000000,000000 20,632119 -0,138506 
21,622021 1366,436520 2,758671 1,992233 98999999999999993400000000000000000000,000000 20,622021 -0,138505 
21,610445 1366,512500 2,756451 1,990807 98999999999999993400000000000000000000,000000 20,610445 -0,138504 
21,338833 1368,871540 2,702003 1,950024 98999999999999993400000000000000000000,000000 20,338833 -0,138471 
21,332131 1368,955870 2,700355 1,948883 98999999999999993400000000000000000000,000000 20,332131 -0,138470 
21,323958 1369,046710 2,698892 1,947738 98999999999999993400000000000000000000,000000 20,323958 -0,138468 
21,315217 1369,109500 2,697344 1,946487 98999999999999993400000000000000000000,000000 20,315217 -0,138467 
21,307288 1369,162240 2,695681 1,945460 98999999999999993400000000000000000000,000000 20,307288 -0,138467 
21,300333 1369,204140 2,694385 1,944353 98999999999999993400000000000000000000,000000 20,300333 -0,138466 
21,104790 1370,967810 2,655661 1,915405 98999999999999993400000000000000000000,000000 20,104790 -0,138441 
21,099234 1370,979030 2,654468 1,914620 98999999999999993400000000000000000000,000000 20,099234 -0,138441 
21,095610 1371,045360 2,653343 1,913775 98999999999999993400000000000000000000,000000 20,095610 -0,138440 
21,090188 1371,097080 2,652260 1,913004 98999999999999993400000000000000000000,000000 20,090188 -0,138440 
21,084147 1371,119730 2,651320 1,912236 98999999999999993400000000000000000000,000000 20,084147 -0,138439 
20,935994 1372,480440 2,621761 1,890230 98999999999999993400000000000000000000,000000 19,935994 -0,138420 
20,931093 1372,478420 2,620997 1,889653 98999999999999993400000000000000000000,000000 19,931093 -0,138420 
20,927487 1372,514430 2,620227 1,889062 98999999999999993400000000000000000000,000000 19,927487 -0,138420 
20,923994 1372,580960 2,619338 1,888437 98999999999999993400000000000000000000,000000 19,923994 -0,138419 
20,919603 1372,609610 2,618628 1,887828 98999999999999993400000000000000000000,000000 19,919603 -0,138418 
20,813730 1373,528720 2,597597 1,872242 98999999999999993400000000000000000000,000000 19,813730 -0,138406 
20,810287 1373,558300 2,597139 1,871775 98999999999999993400000000000000000000,000000 19,810287 -0,138405 
20,808522 1373,599820 2,596540 1,871330 98999999999999993400000000000000000000,000000 19,808522 -0,138405 
20,804503 1373,673970 2,595888 1,870831 98999999999999993400000000000000000000,000000 19,804503 -0,138404 
20,801444 1373,680940 2,595203 1,870416 98999999999999993400000000000000000000,000000 19,801444 -0,138404 
20,798381 1373,677620 2,594624 1,870053 98999999999999993400000000000000000000,000000 19,798381 -0,138404 
20,658843 1374,948430 2,567168 1,849401 98999999999999993400000000000000000000,000000 19,658843 -0,138386 
20,656553 1374,987260 2,566781 1,849081 98999999999999993400000000000000000000,000000 19,656553 -0,138385 
20,655989 1375,010940 2,566458 1,848809 98999999999999993400000000000000000000,000000 19,655989 -0,138385 
20,654108 1374,994530 2,566064 1,848695 98999999999999993400000000000000000000,000000 19,654108 -0,138385 
20,652984 1374,997850 2,565787 1,848467 98999999999999993400000000000000000000,000000 19,652984 -0,138385 
14,100079 1445,361710 1,362602 0,951649 98999999999999993400000000000000000000,000000 13,100079 -0,137436 
14,011760 1446,481770 1,348638 0,941334 98999999999999993400000000000000000000,000000 13,011760 -0,137421 
13,926247 1447,619960 1,335012 0,931030 98999999999999993400000000000000000000,000000 12,926247 -0,137407 
13,839480 1448,808480 1,321300 0,920792 98999999999999993400000000000000000000,000000 12,839480 -0,137391 
13,754824 1449,939090 1,307924 0,910890 98999999999999993400000000000000000000,000000 12,754824 -0,137376 
13,670651 1451,035740 1,294780 0,900942 98999999999999993400000000000000000000,000000 12,670651 -0,137362 
13,587733 1452,207560 1,281668 0,891135 98999999999999993400000000000000000000,000000 12,587733 -0,137347 
13,505098 1453,338610 1,268949 0,881559 98999999999999993400000000000000000000,000000 12,505098 -0,137332 
13,425224 1454,392260 1,256297 0,872225 98999999999999993400000000000000000000,000000 12,425224 -0,137318 
11,736476 1479,585780 1,005089 0,684295 98999999999999993400000000000000000000,000000 10,736476 -0,136995 
11,675542 1480,549650 0,996606 0,677880 98999999999999993400000000000000000000,000000 10,675542 -0,136983 
11,616818 1481,479140 0,988315 0,671802 98999999999999993400000000000000000000,000000 10,616818 -0,136971 
11,558853 1482,414020 0,980133 0,665607 98999999999999993400000000000000000000,000000 10,558853 -0,136960 
11,501790 1483,417150 0,971951 0,659450 98999999999999993400000000000000000000,000000 10,501790 -0,136947 
11,444961 1484,331120 0,964033 0,653615 98999999999999993400000000000000000000,000000 10,444961 -0,136935 
11,333239 1486,080210 0,948446 0,642061 98999999999999993400000000000000000000,000000 10,333239 -0,136913 
10,019562 1509,963770 0,774545 0,512325 98999999999999993400000000000000000000,000000 9,019562 -0,136615 
9,947602 1511,263190 0,765599 0,505599 98999999999999993400000000000000000000,000000 8,947602 -0,136599 
9,878468 1512,671870 0,756806 0,499102 98999999999999993400000000000000000000,000000 8,878468 -0,136582 
9,843603 1513,342020 0,752505 0,495930 98999999999999993400000000000000000000,000000 8,843603 -0,136573 
9,811509 1513,975450 0,748504 0,492874 98999999999999993400000000000000000000,000000 8,811509 -0,136565 
9,779116 1514,609670 0,744390 0,489938 98999999999999993400000000000000000000,000000 8,779116 -0,136558 
9,746765 1515,250320 0,740536 0,487001 98999999999999993400000000000000000000,000000 8,746765 -0,136550 
9,093820 1529,073650 0,661949 0,428602 98999999999999993400000000000000000000,000000 8,093820 -0,136381 
9,072710 1529,548960 0,659410 0,426733 98999999999999993400000000000000000000,000000 8,072710 -0,136375 
9,051897 1530,045080 0,657001 0,424855 98999999999999993400000000000000000000,000000 8,051897 -0,136369 
9,010931 1530,932610 0,652234 0,421427 98999999999999993400000000000000000000,000000 8,010931 -0,136358 
8,990783 1531,358130 0,650034 0,419790 98999999999999993400000000000000000000,000000 7,990783 -0,136353 
8,508792 1542,640010 0,595315 0,379266 98999999999999993400000000000000000000,000000 7,508792 -0,136217 
8,498165 1542,902860 0,594085 0,378358 98999999999999993400000000000000000000,000000 7,498165 -0,136213 
8,485965 1543,159350 0,592826 0,377498 98999999999999993400000000000000000000,000000 7,485965 -0,136210 
8,474265 1543,440330 0,591782 0,376577 98999999999999993400000000000000000000,000000 7,474265 -0,136207 
8,180470 1550,801320 0,559664 0,352963 98999999999999993400000000000000000000,000000 7,180470 -0,136119 
8,173850 1550,976670 0,558963 0,352426 98999999999999993400000000000000000000,000000 7,173850 -0,136117 
8,167749 1551,145050 0,558268 0,351898 98999999999999993400000000000000000000,000000 7,167749 -0,136115 
8,160426 1551,352370 0,557532 0,351283 98999999999999993400000000000000000000,000000 7,160426 -0,136112 
8,153129 1551,564560 0,556657 0,350712 98999999999999993400000000000000000000,000000 7,153129 -0,136110 
7,978534 1556,105420 0,538216 0,337139 98999999999999993400000000000000000000,000000 6,978534 -0,136056 
7,967127 1556,440900 0,537104 0,336299 98999999999999993400000000000000000000,000000 6,967127 -0,136052 
7,962101 1556,580940 0,536517 0,335913 98999999999999993400000000000000000000,000000 6,962101 -0,136050 
6,103865 1618,615780 0,359952 0,206916 98999999999999993400000000000000000000,000000 5,103865 -0,135330 
6,058696 1620,547360 0,356470 0,204409 98999999999999993400000000000000000000,000000 5,058696 -0,135308 
6,015073 1622,398710 0,353167 0,202056 98999999999999993400000000000000000000,000000 5,015073 -0,135288 
5,974037 1624,226420 0,349938 0,199766 98999999999999993400000000000000000000,000000 4,974037 -0,135267 
5,933705 1625,991280 0,347072 0,197704 98999999999999993400000000000000000000,000000 4,933705 -0,135247 
5,088781 1671,913590 0,288476 0,155888 98999999999999993400000000000000000000,000000 4,088781 -0,134740 
5,068314 1673,231150 0,287275 0,154990 98999999999999993400000000000000000000,000000 4,068314 -0,134725 
5,058695 1673,890440 0,286588 0,154537 98999999999999993400000000000000000000,000000 4,058695 -0,134718 
5,049797 1674,524930 0,286024 0,154157 98999999999999993400000000000000000000,000000 4,049797 -0,134711 
4,921025 1683,447690 0,277954 0,148549 98999999999999993400000000000000000000,000000 3,921025 -0,134615 
4,915407 1683,903310 0,277684 0,148306 98999999999999993400000000000000000000,000000 3,915407 -0,134610 
4,902587 1684,821790 0,276775 0,147743 98999999999999993400000000000000000000,000000 3,902587 -0,134600 
4,897467 1685,288990 0,276500 0,147538 98999999999999993400000000000000000000,000000 3,897467 -0,134595 
4,892088 1685,639230 0,276174 0,147256 98999999999999993400000000000000000000,000000 3,892088 -0,134591 
4,883822 1686,113060 0,275832 0,146996 98999999999999993400000000000000000000,000000 3,883822 -0,134586 
4,747176 1696,864150 0,267504 0,141143 98999999999999993400000000000000000000,000000 3,747176 -0,134471 
4,743019 1697,215980 0,267243 0,140944 98999999999999993400000000000000000000,000000 3,743019 -0,134467 
4,738667 1697,583530 0,266961 0,140769 98999999999999993400000000000000000000,000000 3,738667 -0,134464 
4,733609 1697,969720 0,266675 0,140595 98999999999999993400000000000000000000,000000 3,733609 -0,134459 
4,729908 1698,231340 0,266464 0,140451 98999999999999993400000000000000000000,000000 3,729908 -0,134457 
4,722545 1698,874910 0,266092 0,140191 98999999999999993400000000000000000000,000000 3,722545 -0,134450 
3,951251 1753,802260 0,237951 0,120603 98999999999999993400000000000000000000,000000 2,951251 -0,133877 
3,944666 1754,650730 0,237767 0,120490 98999999999999993400000000000000000000,000000 2,944666 -0,133868 
3,938764 1755,298770 0,237555 0,120293 98999999999999993400000000000000000000,000000 2,938764 -0,133862 
3,932777 1756,043060 0,237281 0,120072 98999999999999993400000000000000000000,000000 2,932777 -0,133854 
3,927939 1756,782100 0,237001 0,119947 98999999999999993400000000000000000000,000000 2,927939 -0,133847 
3,812107 1774,035380 0,231935 0,116410 98999999999999993400000000000000000000,000000 2,812107 -0,133672 
3,810550 1774,390210 0,231755 0,116345 98999999999999993400000000000000000000,000000 2,810550 -0,133668 
3,807586 1774,848510 0,231658 0,116218 98999999999999993400000000000000000000,000000 2,807586 -0,133664 
3,804055 1775,339090 0,231417 0,116128 98999999999999993400000000000000000000,000000 2,804055 -0,133659 
3,801261 1775,784210 0,231303 0,116046 98999999999999993400000000000000000000,000000 2,801261 -0,133654 
3,721704 1788,981710 0,228004 0,113765 98999999999999993400000000000000000000,000000 2,721704 -0,133522 
3,719420 1789,347680 0,227946 0,113729 98999999999999993400000000000000000000,000000 2,719420 -0,133518 
3,717093 1789,697450 0,227941 0,113653 98999999999999993400000000000000000000,000000 2,717093 -0,133515 
3,714097 1790,151310 0,227761 0,113553 98999999999999993400000000000000000000,000000 2,714097 -0,133510 
3,712420 1790,593730 0,227521 0,113470 98999999999999993400000000000000000000,000000 2,712420 -0,133506 
3,601035 1812,308870 0,223448 0,110596 98999999999999993400000000000000000000,000000 2,601035 -0,133291 
3,599673 1812,618510 0,223358 0,110473 98999999999999993400000000000000000000,000000 2,599673 -0,133288 
3,599002 1812,979420 0,223172 0,110429 98999999999999993400000000000000000000,000000 2,599002 -0,133285 
3,597689 1813,253380 0,223173 0,110358 98999999999999993400000000000000000000,000000 2,597689 -0,133282 
3,595513 1813,544670 0,223282 0,110369 98999999999999993400000000000000000000,000000 2,595513 -0,133279 
2,980075 2516,382090 0,210261 -0,000084 98999999999999993400000000000000000000,000000 1,980075 -0,127705 
2,978410 2521,263020 0,210389 0,000007 98999999999999993400000000000000000000,000000 1,978410 -0,127673 
2,977851 2525,021660 0,210404 -0,000054 98999999999999993400000000000000000000,000000 1,977851 -0,127649 
2,976926 2529,321020 0,210544 -0,000022 98999999999999993400000000000000000000,000000 1,976926 -0,127621 
2,963052 2578,294300 0,210468 -0,000001 98999999999999993400000000000000000000,000000 1,963052 -0,127309 
2,963385 2578,551010 0,210637 -0,000031 98999999999999993400000000000000000000,000000 1,963385 -0,127308 
2,963634 2579,285890 0,210572 -0,000023 98999999999999993400000000000000000000,000000 1,963634 -0,127303 
2,963382 2581,440350 0,210456 -0,000128 98999999999999993400000000000000000000,000000 1,963382 -0,127290 
2,962826 2580,760290 0,210545 -0,000026 98999999999999993400000000000000000000,000000 1,962826 -0,127294 
2,959117 2595,067200 0,210435 -0,000127 98999999999999993400000000000000000000,000000 1,959117 -0,127204 
2,958700 2596,526220 0,210478 -0,000009 98999999999999993400000000000000000000,000000 1,958700 -0,127195 
2,958882 2596,270940 0,210605 -0,000019 98999999999999993400000000000000000000,000000 1,958882 -0,127197 
2,958586 2597,074090 0,210498 -0,000071 98999999999999993400000000000000000000,000000 1,958586 -0,127192 
2,958653 2597,162880 0,210522 -0,000124 98999999999999993400000000000000000000,000000 1,958653 -0,127191 
2,958434 2597,117300 0,210483 -0,000052 98999999999999993400000000000000000000,000000 1,958434 -0,127192 
2,958398 2596,702620 0,210425 -0,000100 98999999999999993400000000000000000000,000000 1,958398 -0,127194 
2,955544 2606,478570 0,210645 -0,000036 98999999999999993400000000000000000000,000000 1,955544 -0,127133 
2,956398 2600,404220 0,210632 -0,000050 98999999999999993400000000000000000000,000000 1,956398 -0,127171 
2,955252 2600,937380 0,210557 -0,000063 98999999999999993400000000000000000000,000000 1,955252 -0,127168 
2,956840 2600,799290 0,210557 -0,000035 98999999999999993400000000000000000000,000000 1,956840 -0,127169 
2,956853 2594,876950 0,210541 -0,000015 98999999999999993400000000000000000000,000000 1,956853 -0,127206 
2,929492 2960,009140 0,210900 -0,000029 98999999999999993400000000000000000000,000000 1,929492 -0,125110 
2,930643 2959,770120 0,211024 0,000019 98999999999999993400000000000000000000,000000 1,930643 -0,125112 
2,928843 2959,645550 0,211027 -0,000040 98999999999999993400000000000000000000,000000 1,928843 -0,125112 
2,929462 2959,957880 0,210999 -0,000028 98999999999999993400000000000000000000,000000 1,929462 -0,125111 
2,927656 2959,060520 0,210900 -0,000078 98999999999999993400000000000000000000,000000 1,927656 -0,125115 
2,928562 2960,087000 0,210896 -0,000011 98999999999999993400000000000000000000,000000 1,928562 -0,125110 
2,919634 2960,382630 0,210908 -0,000064 98999999999999993400000000000000000000,000000 1,919634 -0,125108 
2,919879 2959,737760 0,211039 0,000001 98999999999999993400000000000000000000,000000 1,919879 -0,125112 
2,920544 2962,526360 0,211014 -0,000048 98999999999999993400000000000000000000,000000 1,920544 -0,125097 
2,918796 2958,972880 0,210912 -0,000024 98999999999999993400000000000000000000,000000 1,918796 -0,125116 
2,918871 2959,682930 0,211015 -0,000006 98999999999999993400000000000000000000,000000 1,918871 -0,125112 
2,919396 2960,505490 0,210975 -0,000006 98999999999999993400000000000000000000,000000 1,919396 -0,125108 
2,918626 2958,755050 0,210963 -0,000104 98999999999999993400000000000000000000,000000 1,918626 -0,125117 
2,917704 2960,073510 0,211013 -0,000019 98999999999999993400000000000000000000,000000 1,917704 -0,125110 
2,917377 2959,322330 0,210916 -0,000148 98999999999999993400000000000000000000,000000 1,917377 -0,125114 
2,917202 2959,588480 0,210977 -0,000020 98999999999999993400000000000000000000,000000 1,917202 -0,125113 
2,916401 2960,125200 0,210977 -0,000077 98999999999999993400000000000000000000,000000 1,916401 -0,125110 
2,916734 2959,409330 0,210982 -0,000072 98999999999999993400000000000000000000,000000 1,916734 -0,125113 
2,897802 3137,065770 0,211049 0,000011 98999999999999993400000000000000000000,000000 1,897802 -0,124208 
2,896797 3136,520990 0,211173 -0,000002 98999999999999993400000000000000000000,000000 1,896797 -0,124210 
2,896877 3133,196860 0,211164 0,000068 98999999999999993400000000000000000000,000000 1,896877 -0,124227 
2,895654 3133,045500 0,211163 -0,000051 98999999999999993400000000000000000000,000000 1,895654 -0,124227 
2,895324 3132,632820 0,211171 -0,000046 98999999999999993400000000000000000000,000000 1,895324 -0,124229 
2,886533 3132,263080 0,211119 0,000028 98999999999999993400000000000000000000,000000 1,886533 -0,124231 
2,885986 3131,841020 0,211189 -0,000003 98999999999999993400000000000000000000,000000 1,885986 -0,124233 
2,885540 3135,597460 0,211123 -0,000009 98999999999999993400000000000000000000,000000 1,885540 -0,124215 
2,885574 3131,561610 0,211172 -0,000017 98999999999999993400000000000000000000,000000 1,885574 -0,124235 
2,885771 3131,895420 0,211116 -0,000017 98999999999999993400000000000000000000,000000 1,885771 -0,124233 
2,882433 3130,154000 0,211143 0,000015 98999999999999993400000000000000000000,000000 1,882433 -0,124242 
2,881380 3131,168120 0,211217 -0,000044 98999999999999993400000000000000000000,000000 1,881380 -0,124237 
2,880010 3132,071860 0,211064 -0,000097 98999999999999993400000000000000000000,000000 1,880010 -0,124232 
2,878707 3129,313700 0,211004 -0,000033 98999999999999993400000000000000000000,000000 1,878707 -0,124246 
2,879897 3128,738270 0,211189 0,000010 98999999999999993400000000000000000000,000000 1,879897 -0,124249 
2,881298 3130,131330 0,211163 0,000017 98999999999999993400000000000000000000,000000 1,881298 -0,124242 
2,879888 3130,459350 0,211173 0,000018 98999999999999993400000000000000000000,000000 1,879888 -0,124240 
2,879159 3129,745180 0,211155 0,000006 98999999999999993400000000000000000000,000000 1,879159 -0,124244 
2,879986 3128,953790 0,211006 0,000001 98999999999999993400000000000000000000,000000 1,879986 -0,124247 
2,864573 3178,593990 0,211035 -0,000036 98999999999999993400000000000000000000,000000 1,864573 -0,124005 
2,863867 3177,624730 0,211099 -0,000101 98999999999999993400000000000000000000,000000 1,863867 -0,124010 
2,864503 3177,673600 0,211040 -0,000032 98999999999999993400000000000000000000,000000 1,864503 -0,124009 
2,863370 3177,017790 0,211120 -0,000093 98999999999999993400000000000000000000,000000 1,863370 -0,124013 
2,864026 3178,611390 0,211181 -0,000020 98999999999999993400000000000000000000,000000 1,864026 -0,124005 
2,856512 3175,976860 0,211129 -0,000078 98999999999999993400000000000000000000,000000 1,856512 -0,124018 
2,856604 3177,470800 0,211048 0,000005 98999999999999993400000000000000000000,000000 1,856604 -0,124010 
2,856173 3176,620130 0,211245 0,000017 98999999999999993400000000000000000000,000000 1,856173 -0,124015 
2,855668 3177,421530 0,211137 -0,000010 98999999999999993400000000000000000000,000000 1,855668 -0,124011 
2,855617 3177,458510 0,211076 -0,000078 98999999999999993400000000000000000000,000000 1,855617 -0,124010 
2,852359 3175,870960 0,211192 -0,000031 98999999999999993400000000000000000000,000000 1,852359 -0,124018 
2,852798 3180,108070 0,211029 -0,000107 98999999999999993400000000000000000000,000000 1,852798 -0,123998 
2,853148 3175,845440 0,211067 0,000048 98999999999999993400000000000000000000,000000 1,853148 -0,124018 
2,852697 3180,672770 0,211172 -0,000024 98999999999999993400000000000000000000,000000 1,852697 -0,123995 
2,853484 3176,581080 0,211150 -0,000011 98999999999999993400000000000000000000,000000 1,853484 -0,124015 
2,852602 3175,566170 0,211242 0,000039 98999999999999993400000000000000000000,000000 1,852602 -0,124020 
2,850670 3179,403760 0,211143 -0,000071 98999999999999993400000000000000000000,000000 1,850670 -0,124001 
2,850960 3177,534950 0,211231 0,000035 98999999999999993400000000000000000000,000000 1,850960 -0,124010 
2,851874 3177,095720 0,211228 -0,000010 98999999999999993400000000000000000000,000000 1,851874 -0,124012 
2,851208 3175,164700 0,211005 -0,000032 98999999999999993400000000000000000000,000000 1,851208 -0,124022 
2,852426 3176,405680 0,210958 -0,000033 98999999999999993400000000000000000000,000000 1,852426 -0,124016 
2,849657 3175,273270 0,211188 0,000030 98999999999999993400000000000000000000,000000 1,849657 -0,124021 
2,848167 3174,544090 0,211203 -0,000009 98999999999999993400000000000000000000,000000 1,848167 -0,124025 
2,848556 3174,468940 0,211147 0,000038 98999999999999993400000000000000000000,000000 1,848556 -0,124025 
2,827498 3223,321700 0,211038 -0,000088 98999999999999993400000000000000000000,000000 1,827498 -0,123790 
2,826744 3220,059070 0,211243 -0,000032 98999999999999993400000000000000000000,000000 1,826744 -0,123806 
2,826925 3218,289480 0,211289 -0,000041 98999999999999993400000000000000000000,000000 1,826925 -0,123814 
2,826663 3219,143910 0,211121 -0,000120 98999999999999993400000000000000000000,000000 1,826663 -0,123810 
2,825822 3217,593040 0,211060 0,000013 98999999999999993400000000000000000000,000000 1,825822 -0,123818 
2,819391 3216,763820 0,211254 0,000016 98999999999999993400000000000000000000,000000 1,819391 -0,123822 
2,820034 3217,591130 0,211213 0,000010 98999999999999993400000000000000000000,000000 1,820034 -0,123818 
2,819174 3216,975150 0,211085 -0,000055 98999999999999993400000000000000000000,000000 1,819174 -0,123821 
2,819655 3217,871790 0,211140 -0,000070 98999999999999993400000000000000000000,000000 1,819655 -0,123816 
2,819270 3216,931700 0,211080 0,000008 98999999999999993400000000000000000000,000000 1,819270 -0,123821 
2,818772 3217,198640 0,211122 -0,000059 98999999999999993400000000000000000000,000000 1,818772 -0,123820 
2,798146 3253,701850 0,211306 -0,000029 98999999999999993400000000000000000000,000000 1,798146 -0,123647 
2,797056 3253,388780 0,210621 0,000023 98999999999999993400000000000000000000,000000 1,797056 -0,123648 
2,798014 3251,959460 0,211334 0,000018 98999999999999993400000000000000000000,000000 1,798014 -0,123655 
2,791444 3253,955680 0,211178 -0,000070 98999999999999993400000000000000000000,000000 1,791444 -0,123646 
2,791352 3252,723820 0,211170 -0,000003 98999999999999993400000000000000000000,000000 1,791352 -0,123651 
2,791248 3253,044100 0,211159 -0,000021 98999999999999993400000000000000000000,000000 1,791248 -0,123650 
2,790684 3251,906320 0,211170 -0,000105 98999999999999993400000000000000000000,000000 1,790684 -0,123655 
2,792124 3252,209160 0,211266 -0,000058 98999999999999993400000000000000000000,000000 1,792124 -0,123654 
2,788902 3257,204130 0,211324 -0,000025 98999999999999993400000000000000000000,000000 1,788902 -0,123630 
2,788897 3252,640550 0,211233 -0,000012 98999999999999993400000000000000000000,000000 1,788897 -0,123652 
2,787627 3252,463880 0,211265 -0,000007 98999999999999993400000000000000000000,000000 1,787627 -0,123653 
2,789265 3253,140670 0,211183 -0,000142 98999999999999993400000000000000000000,000000 1,789265 -0,123649 
2,789518 3251,825000 0,211268 -0,000066 98999999999999993400000000000000000000,000000 1,789518 -0,123656 
2,773737 3319,726940 0,211277 -0,000111 98999999999999993400000000000000000000,000000 1,773737 -0,123340 
2,774699 3315,959450 0,211319 -0,000093 98999999999999993400000000000000000000,000000 1,774699 -0,123358 
2,773612 3318,082350 0,211164 -0,000170 98999999999999993400000000000000000000,000000 1,773612 -0,123348 
2,774079 3317,195400 0,211175 -0,000018 98999999999999993400000000000000000000,000000 1,774079 -0,123352 
2,773973 3315,933900 0,211300 -0,000077 98999999999999993400000000000000000000,000000 1,773973 -0,123358 
2,736204 3383,932640 0,211348 0,000021 98999999999999993400000000000000000000,000000 1,736204 -0,123050 
2,734851 3383,637600 0,211080 -0,000140 98999999999999993400000000000000000000,000000 1,734851 -0,123051 
2,733352 3383,927390 0,211387 -0,000016 98999999999999993400000000000000000000,000000 1,733352 -0,123050 
2,732134 3383,434930 0,211375 -0,000052 98999999999999993400000000000000000000,000000 1,732134 -0,123052 
2,732011 3384,150570 0,211353 -0,000063 98999999999999993400000000000000000000,000000 1,732011 -0,123049 
2,723892 3384,234350 0,211306 -0,000074 98999999999999993400000000000000000000,000000 1,723892 -0,123048 
2,722401 3384,507840 0,211210 -0,000009 98999999999999993400000000000000000000,000000 1,722401 -0,123047 
2,722594 3383,788910 0,211313 -0,000073 98999999999999993400000000000000000000,000000 1,722594 -0,123050 
