2,709966 3382,485090 0,211289 0,000012 98999999999999993400000000000000000000,000000 1,709966 -0,123061 
2,710167 3382,548550 0,211231 -0,000031 98999999999999993400000000000000000000,000000 1,710167 -0,123060 
2,710905 3383,744750 0,211305 -0,000003 98999999999999993400000000000000000000,000000 1,710905 -0,123055 
2,710894 3385,361880 0,211206 -0,000115 98999999999999993400000000000000000000,000000 1,710894 -0,123048 
2,710469 3384,425650 0,211218 -0,000029 98999999999999993400000000000000000000,000000 1,710469 -0,123052 
2,710103 3384,072880 0,211335 -0,000068 98999999999999993400000000000000000000,000000 1,710103 -0,123054 
2,709728 3384,076950 0,211345 -0,000073 98999999999999993400000000000000000000,000000 1,709728 -0,123054 
2,710180 3380,900290 0,211188 -0,000092 98999999999999993400000000000000000000,000000 1,710180 -0,123068 
2,709497 3381,019330 0,211317 0,000014 98999999999999993400000000000000000000,000000 1,709497 -0,123067 
2,709748 3381,075400 0,211339 -0,000010 98999999999999993400000000000000000000,000000 1,709748 -0,123067 
2,708751 3381,061200 0,211294 -0,000015 98999999999999993400000000000000000000,000000 1,708751 -0,123067 
2,711156 3381,372020 0,211327 -0,000023 98999999999999993400000000000000000000,000000 1,711156 -0,123066 
