110,090886 1043,323350 23,535144 17,158865 238400,946000 109,090886 -0,143901 
110,092377 1043,323750 23,536247 17,159593 240200,210000 109,092377 -0,143901 
110,089782 1043,321120 23,536247 17,159697 241379,886000 109,089782 -0,143901 
110,093912 1043,318720 23,536392 17,159764 238435,704000 109,093912 -0,143901 
110,094845 1043,322740 23,536578 17,159866 240303,991000 109,094845 -0,143901 
110,095262 1043,319950 23,536722 17,159842 240581,120000 109,095262 -0,143901 
110,094067 1043,319410 23,536665 17,159923 242097,276000 109,094067 -0,143901 
110,074120 1043,338720 23,532082 17,156605 241068,269000 109,074120 -0,143901 
110,074342 1043,341620 23,532089 17,156682 241277,991000 109,074342 -0,143901 
110,074483 1043,342730 23,532330 17,156775 240509,587000 109,074483 -0,143901 
110,074942 1043,340050 23,532228 17,156708 240548,140000 109,074942 -0,143901 
110,075121 1043,342570 23,532340 17,156831 240865,586000 109,075121 -0,143901 
110,075792 1043,342300 23,532387 17,156849 241055,911000 109,075792 -0,143901 
110,076427 1043,344260 23,532472 17,156919 241186,416000 109,076427 -0,143901 
110,076545 1043,342650 23,532426 17,156961 240621,707000 109,076545 -0,143901 
110,075981 1043,343820 23,532552 17,157012 242083,163000 109,075981 -0,143901 
110,125670 1043,253370 23,544217 17,165291 239355,638000 109,125670 -0,143903 
110,125613 1043,254440 23,544127 17,165241 238242,658000 109,125613 -0,143903 
110,126155 1043,250890 23,544179 17,165274 239947,160000 109,126155 -0,143903 
110,127800 1043,240150 23,544229 17,165388 238534,196000 109,127800 -0,143903 
110,127644 1043,253570 23,544430 17,165580 239091,774000 109,127644 -0,143903 
110,128236 1043,249610 23,544645 17,165599 239130,824000 109,128236 -0,143903 
110,129215 1043,244980 23,544695 17,165672 239453,028000 109,129215 -0,143903 
110,128744 1043,244260 23,544741 17,165774 240269,379000 109,128744 -0,143903 
110,082611 1043,330970 23,531171 17,156202 239447,226000 109,082611 -0,143901 
110,083339 1043,330810 23,531022 17,156145 237765,172000 109,083339 -0,143901 
110,082201 1043,329750 23,531109 17,156161 238482,727000 109,082201 -0,143901 
110,081784 1043,325750 23,530896 17,156115 238763,419000 109,081784 -0,143901 
110,080983 1043,330260 23,530948 17,156077 239297,990000 109,080983 -0,143901 
110,081319 1043,326490 23,530906 17,156176 240038,777000 109,081319 -0,143901 
110,082389 1043,327930 23,530944 17,156170 238275,784000 109,082389 -0,143901 
110,081063 1043,325320 23,530815 17,156116 239233,274000 109,081063 -0,143901 
107,467368 1048,336700 22,846643 16,668949 258570,472000 106,467368 -0,143802 
107,457004 1048,357070 22,844441 16,667488 256497,117000 106,457004 -0,143802 
107,447262 1048,373670 22,842354 16,665809 258161,041000 106,447262 -0,143801 
107,437493 1048,396670 22,840255 16,664269 257487,083000 106,437493 -0,143801 
107,426927 1048,413320 22,838137 16,662822 258172,218000 106,426927 -0,143800 
107,417864 1048,430850 22,836093 16,661329 255644,873000 106,417864 -0,143800 
107,408054 1048,448410 22,833977 16,659740 255301,991000 106,408054 -0,143800 
107,371383 1048,518950 22,825389 16,653509 256268,440000 106,371383 -0,143798 
107,362952 1048,537970 22,823418 16,652286 257028,773000 106,362952 -0,143798 
106,409230 1050,362380 22,610684 16,497632 266392,966000 105,409230 -0,143762 
106,404464 1050,373610 22,609441 16,496763 266656,826000 105,404464 -0,143762 
106,398791 1050,378510 22,608385 16,495945 268175,773000 105,398791 -0,143762 
106,393798 1050,390670 22,607173 16,495229 268996,595000 105,393798 -0,143762 
106,389890 1050,400000 22,606233 16,494482 269249,458000 105,389890 -0,143761 
106,385239 1050,408870 22,605300 16,493780 267369,952000 105,385239 -0,143761 
106,379936 1050,419080 22,604165 16,492917 258983,046000 105,379936 -0,143761 
106,374884 1050,426070 22,603091 16,492160 259461,951000 105,374884 -0,143761 
98,206720 1066,865360 20,534414 15,006907 311625,190000 97,206720 -0,143440 
98,158096 1066,968120 20,523385 14,998953 314572,869000 97,158096 -0,143438 
98,110734 1067,075570 20,512571 14,991073 313461,460000 97,110734 -0,143436 
98,061676 1067,175460 20,501460 14,983145 310737,276000 97,061676 -0,143434 
98,014321 1067,275030 20,490568 14,975216 318065,557000 97,014321 -0,143432 
97,966590 1067,366730 20,479864 14,967392 316835,598000 96,966590 -0,143431 
97,919101 1067,456830 20,469172 14,959665 313884,818000 96,919101 -0,143429 
97,871443 1067,565050 20,458345 14,951806 315169,598000 96,871443 -0,143427 
97,823670 1067,650000 20,447937 14,944218 315657,781000 96,823670 -0,143425 
97,780466 1067,753020 20,437400 14,936553 318262,941000 96,780466 -0,143423 
93,365813 1077,127120 19,425129 14,202568 1151905,620000 92,365813 -0,143243 
93,340617 1077,186160 19,419309 14,198308 1151656,160000 92,340617 -0,143242 
93,315670 1077,253450 19,413556 14,194138 1153046,170000 92,315670 -0,143241 
93,289387 1077,292030 19,407870 14,189894 1151694,790000 92,289387 -0,143240 
93,264679 1077,325660 19,402042 14,185728 1153001,890000 92,264679 -0,143240 
93,239862 1077,406500 19,396276 14,181524 1152241,040000 92,239862 -0,143238 
93,214344 1077,458590 19,390601 14,177508 1161125,080000 92,214344 -0,143237 
93,190581 1077,515990 19,384792 14,173307 1161830,530000 92,190581 -0,143236 
93,165706 1077,590810 19,379159 14,169143 1161231,470000 92,165706 -0,143235 
93,140874 1077,617120 19,373575 14,164991 1161996,730000 92,140874 -0,143234 
90,611025 1083,231830 18,786817 13,739301 1306000,390000 89,611025 -0,143127 
90,594382 1083,256720 18,783097 13,736690 1307692,560000 89,594382 -0,143127 
90,578651 1083,293680 18,779646 13,734106 1308562,130000 89,578651 -0,143126 
90,546849 1083,340650 18,772523 13,728847 1311183,240000 89,546849 -0,143125 
90,531710 1083,384340 18,768951 13,726316 1311998,160000 89,531710 -0,143125 
90,500844 1083,444380 18,761923 13,721167 1316580,050000 89,500844 -0,143123 
90,469982 1083,520460 18,754830 13,716085 1317511,610000 89,469982 -0,143122 
90,455096 1083,554850 18,751275 13,713502 1316656,630000 89,455096 -0,143121 
90,439668 1083,589760 18,747680 13,710847 1319100,350000 89,439668 -0,143121 
90,409647 1083,645210 18,740776 13,705808 1319868,550000 89,409647 -0,143120 
86,166477 1093,329370 17,712861 12,960800 1582747,680000 85,166477 -0,142937 
86,135060 1093,406160 17,705519 12,955428 1601079,000000 85,135060 -0,142936 
86,103010 1093,483110 17,698271 12,950202 1602314,290000 85,103010 -0,142935 
86,072134 1093,558620 17,691192 12,945046 1592932,710000 85,072134 -0,142933 
86,040713 1093,630380 17,684002 12,939841 1586210,940000 85,040713 -0,142932 
86,009815 1093,702480 17,676760 12,934556 1590361,910000 85,009815 -0,142930 
85,979558 1093,759820 17,669548 12,929262 1597887,250000 84,979558 -0,142929 
85,917403 1093,907880 17,655308 12,918919 1600950,750000 84,917403 -0,142927 
85,886842 1093,995440 17,648280 12,913849 1619512,230000 84,886842 -0,142925 
82,579381 1101,909420 16,878433 12,354241 1844987,020000 81,579381 -0,142778 
82,559685 1101,961200 16,873878 12,350763 1850908,190000 81,559685 -0,142777 
82,539054 1102,006430 16,869130 12,347373 1876321,050000 81,539054 -0,142776 
82,517816 1102,067610 16,864299 12,343923 1906567,630000 81,517816 -0,142775 
82,494900 1102,081150 16,859701 12,340450 1896481,630000 81,494900 -0,142775 
82,457344 1102,211520 16,850335 12,333581 1907657,560000 81,457344 -0,142772 
82,415696 1102,302160 16,840949 12,326752 1909600,250000 81,415696 -0,142770 
80,316523 1107,506620 16,349609 11,969444 2248774,250000 79,316523 -0,142674 
80,301560 1107,539070 16,345918 11,966860 2221351,320000 79,301560 -0,142674 
80,287278 1107,580060 16,342463 11,964286 2222605,750000 79,287278 -0,142673 
80,271361 1107,632380 16,338872 11,961603 2215108,410000 79,271361 -0,142672 
80,256350 1107,670450 16,335401 11,959039 2247599,200000 79,256350 -0,142671 
80,242192 1107,698760 16,331742 11,956458 2252429,420000 79,242192 -0,142671 
80,225801 1107,722700 16,328244 11,953802 2253867,220000 79,225801 -0,142670 
80,211369 1107,761680 16,324752 11,951357 2269455,610000 79,211369 -0,142670 
80,196100 1107,823620 16,321187 11,948785 2265801,110000 79,196100 -0,142669 
80,182251 1107,833980 16,317551 11,946256 2249356,470000 79,182251 -0,142668 
80,166962 1107,889160 16,314206 11,943681 2268597,050000 79,166962 -0,142667 
76,879612 1116,197670 15,541888 11,380933 2636293,040000 75,879612 -0,142515 
76,855564 1116,277970 15,536379 11,377019 2603481,250000 75,855564 -0,142514 
76,808629 1116,406140 15,525512 11,369095 2629036,890000 75,808629 -0,142512 
76,783547 1116,457990 15,520170 11,365106 2589774,300000 75,783547 -0,142511 
76,762165 1116,532960 15,514590 11,361079 2613929,790000 75,762165 -0,142509 
76,737631 1116,576840 15,509128 11,357153 2697862,300000 75,737631 -0,142508 
76,714283 1116,649120 15,503975 11,353271 2671298,460000 75,714283 -0,142507 
76,691862 1116,694790 15,498551 11,349294 2625744,320000 75,691862 -0,142506 
76,644861 1116,813810 15,487820 11,341471 2620065,380000 75,644861 -0,142504 
76,621797 1116,867220 15,482361 11,337511 2565958,540000 75,621797 -0,142503 
76,596649 1116,915770 15,476871 11,333662 2534810,230000 75,596649 -0,142502 
73,921652 1124,084560 14,850791 10,877151 2890351,520000 72,921652 -0,142372 
73,904747 1124,137910 14,846702 10,874175 2890495,770000 72,904747 -0,142371 
73,887329 1124,166170 14,842640 10,871218 2895044,790000 72,887329 -0,142371 
73,870268 1124,207710 14,838832 10,868478 2789659,980000 72,870268 -0,142370 
73,854353 1124,250540 14,834760 10,865448 2796880,060000 72,854353 -0,142369 
73,835722 1124,299740 14,830813 10,862605 2787167,990000 72,835722 -0,142368 
73,819781 1124,352250 14,826974 10,859792 2793319,370000 72,819781 -0,142368 
73,802189 1124,392660 14,823018 10,856968 2799199,020000 72,802189 -0,142367 
73,786466 1124,426990 14,819076 10,854061 2803294,530000 72,786466 -0,142366 
73,769923 1124,492790 14,815312 10,851344 2788169,890000 72,769923 -0,142365 
71,702949 1130,197750 14,331552 10,498317 3237357,030000 70,702949 -0,142262 
71,690034 1130,219800 14,328590 10,496261 3274005,310000 70,690034 -0,142262 
71,677557 1130,259760 14,325587 10,494166 3245085,280000 70,677557 -0,142261 
71,666691 1130,288840 14,322855 10,492084 3288721,040000 70,666691 -0,142261 
71,653095 1130,336090 14,320043 10,489997 3295635,960000 70,653095 -0,142260 
71,642960 1130,364500 14,317232 10,487857 3298733,540000 70,642960 -0,142259 
71,630339 1130,391410 14,314173 10,485747 3302952,570000 70,630339 -0,142259 
71,618407 1130,429930 14,311332 10,483611 3303307,770000 70,618407 -0,142258 
71,606229 1130,462620 14,308358 10,481459 3301463,060000 70,606229 -0,142258 
70,186478 1134,494580 13,975864 10,238707 3658553,090000 69,186478 -0,142186 
70,178451 1134,262980 13,973860 10,237179 3569694,910000 69,178451 -0,142190 
70,076760 1134,664680 13,971872 10,235673 3688940,390000 69,076760 -0,142183 
70,161129 1134,596890 13,969887 10,234286 3688831,110000 69,161129 -0,142184 
70,143404 1134,601100 13,965994 10,231374 3675216,660000 69,143404 -0,142184 
70,135021 1134,661610 13,964050 10,229978 3676381,780000 69,135021 -0,142183 
70,126733 1134,664280 13,962056 10,228496 3681417,730000 69,126733 -0,142183 
70,118805 1134,687100 13,959945 10,227086 3681749,890000 69,118805 -0,142182 
70,109736 1134,702810 13,957966 10,225527 3681195,820000 69,109736 -0,142182 
70,091597 1134,756600 13,954032 10,222700 3689655,770000 69,091597 -0,142181 
68,181125 1140,121610 13,518678 9,905282 4183257,130000 67,181125 -0,142086 
68,165925 1140,181380 13,514949 9,902587 4186335,730000 67,165925 -0,142085 
68,149464 1140,229690 13,511376 9,899965 4194962,810000 67,149464 -0,142084 
68,133290 1140,257670 13,507618 9,897290 4193739,180000 67,133290 -0,142083 
68,117649 1140,332600 13,504096 9,894661 4204693,700000 67,117649 -0,142082 
68,101500 1140,367550 13,500538 9,892068 4199344,750000 67,101500 -0,142081 
68,069343 1140,458580 13,493452 9,886830 4226042,670000 67,069343 -0,142080 
68,054197 1140,517450 13,489850 9,884232 4221577,790000 67,054197 -0,142079 
68,037164 1140,549270 13,486313 9,881617 4236506,750000 67,037164 -0,142078 
68,020829 1140,583590 13,482771 9,879032 4227749,570000 67,020829 -0,142077 
68,006291 1140,639760 13,479134 9,876400 4239576,260000 67,006291 -0,142076 
66,205212 1145,987980 13,061102 9,570973 4876158,240000 65,205212 -0,141982 
66,193413 1146,030700 13,058478 9,568967 4883092,100000 65,193413 -0,141981 
66,181614 1146,063130 13,055677 9,566913 4881366,410000 65,181614 -0,141981 
66,171161 1146,096210 13,052905 9,564834 4889572,000000 65,171161 -0,141980 
66,156455 1146,123550 13,050085 9,562867 4890970,510000 65,156455 -0,141980 
66,145718 1146,186770 13,047310 9,560731 4885813,220000 65,145718 -0,141978 
66,132926 1146,201040 13,044383 9,558648 4913197,720000 65,132926 -0,141978 
66,121299 1146,267100 13,041718 9,556667 4921878,830000 65,121299 -0,141977 
66,109369 1146,275210 13,038742 9,554545 4925313,000000 65,109369 -0,141977 
66,096623 1146,328040 13,036061 9,552543 4912826,870000 65,096623 -0,141976 
64,879935 1150,042860 12,751474 9,344520 5348122,300000 63,879935 -0,141911 
64,870158 1150,062540 12,749205 9,342958 5355731,720000 63,870158 -0,141910 
64,861614 1150,108440 12,747160 9,341434 5333820,800000 63,861614 -0,141910 
64,852992 1150,117970 12,745136 9,339837 5381698,410000 63,852992 -0,141909 
64,844909 1150,140150 12,742961 9,338243 5342089,710000 63,844909 -0,141909 
64,835099 1150,185300 12,740753 9,336698 5368000,710000 63,835099 -0,141908 
64,825733 1150,209490 12,738594 9,335170 5385204,020000 63,825733 -0,141908 
64,816579 1150,225200 12,736643 9,333697 5383895,280000 63,816579 -0,141908 
64,809377 1150,252170 12,734622 9,332169 5422629,820000 63,809377 -0,141907 
64,799603 1150,289610 12,732462 9,330619 5455673,190000 63,799603 -0,141906 
62,460302 1157,494920 12,180861 8,929339 6391514,180000 61,460302 -0,141781 
62,442456 1157,551050 12,176665 8,926336 6422879,660000 61,442456 -0,141780 
62,424943 1157,613930 12,172567 8,923305 6413947,940000 61,424943 -0,141779 
62,405800 1157,684030 12,168618 8,920375 6445816,760000 61,405800 -0,141777 
62,387740 1157,734900 12,164432 8,917344 6460230,980000 61,387740 -0,141776 
62,370064 1157,785590 12,160324 8,914339 6455728,680000 61,370064 -0,141776 
62,353418 1157,851770 12,156284 8,911294 6478406,910000 61,353418 -0,141774 
62,332977 1157,890010 12,152124 8,908229 6483100,620000 61,332977 -0,141774 
62,315838 1157,970340 12,147977 8,905211 6523948,700000 61,315838 -0,141772 
62,298320 1158,014840 12,143838 8,902212 6547756,400000 61,298320 -0,141772 
60,380359 1164,231810 11,701285 8,578053 7560942,470000 59,380359 -0,141664 
60,366860 1164,291370 11,698068 8,575736 7569552,780000 59,366860 -0,141663 
60,352939 1164,331690 11,694962 8,573561 7583815,990000 59,352939 -0,141662 
60,340094 1164,353250 11,691970 8,571308 7616559,150000 59,340094 -0,141662 
60,327109 1164,412940 11,689034 8,569084 7958782,280000 59,327109 -0,141661 
60,313334 1164,446000 11,685890 8,566851 7940979,540000 59,313334 -0,141660 
60,300878 1164,497040 11,682924 8,564629 7957803,050000 59,300878 -0,141659 
60,289313 1164,553010 11,679858 8,562372 7937644,550000 59,289313 -0,141658 
60,274872 1164,591280 11,676716 8,560154 7995215,990000 59,274872 -0,141658 
60,262295 1164,631270 11,673795 8,557937 7998957,300000 59,262295 -0,141657 
60,249349 1164,684280 11,670699 8,555701 8020578,710000 59,249349 -0,141656 
58,686370 1169,937780 11,305107 8,287863 9091884,940000 57,686370 -0,141566 
58,676862 1169,969670 11,303050 8,286279 9104658,050000 57,676862 -0,141565 
58,667932 1169,989690 11,300798 8,284720 9114453,140000 57,667932 -0,141565 
58,659382 1170,021770 11,298729 8,283206 9119983,550000 57,659382 -0,141564 
58,649945 1170,043410 11,296651 8,281659 9144351,730000 57,649945 -0,141564 
58,640293 1170,069490 11,294511 8,280101 9131423,010000 57,640293 -0,141564 
58,631742 1170,127860 11,292431 8,278536 9116907,800000 57,631742 -0,141563 
58,623539 1170,139930 11,290376 8,277037 9132380,190000 57,623539 -0,141562 
58,612141 1170,167520 11,288257 8,275469 9130167,990000 57,612141 -0,141562 
58,603937 1170,191600 11,286037 8,273874 9139983,570000 57,603937 -0,141561 
58,595936 1170,228970 11,283902 8,272416 9176427,000000 57,595936 -0,141561 
57,581053 1173,698760 11,046518 8,098290 9974638,370000 56,581053 -0,141501 
57,575958 1173,749890 11,044943 8,097267 10033903,200000 56,575958 -0,141501 
57,569211 1173,740150 11,043606 8,096110 10023516,400000 56,569211 -0,141501 
57,563079 1173,786910 11,042163 8,095127 9974265,730000 56,563079 -0,141500 
57,557752 1173,817220 11,040558 8,094032 10052975,600000 56,557752 -0,141499 
57,551737 1173,822350 11,039295 8,092970 10094709,700000 56,551737 -0,141499 
57,544894 1173,858270 11,037890 8,091964 10014477,600000 56,544894 -0,141499 
57,537813 1173,869720 11,036412 8,090903 10097278,800000 56,537813 -0,141499 
57,532080 1173,907240 11,035082 8,089913 10044903,000000 56,532080 -0,141498 
57,527684 1173,909680 11,033661 8,088825 10139990,100000 56,527684 -0,141498 
54,887177 1183,232830 10,378286 7,611701 12627065,900000 53,887177 -0,141340 
54,858066 1183,326280 10,371850 7,606915 12628879,000000 53,858066 -0,141338 
54,830894 1183,423780 10,365248 7,602068 12762901,700000 53,830894 -0,141336 
54,801870 1183,531580 10,358685 7,597225 12702065,700000 53,801870 -0,141335 
54,773512 1183,647160 10,352143 7,592479 12712381,700000 53,773512 -0,141333 
54,743738 1183,733440 10,345537 7,587571 12770086,800000 53,743738 -0,141331 
54,714571 1183,846680 10,339025 7,582769 12778780,800000 53,714571 -0,141329 
54,685218 1183,946310 10,332420 7,577948 12847678,300000 53,685218 -0,141328 
54,657260 1184,036730 10,325853 7,573159 12913304,800000 53,657260 -0,141326 
54,629469 1184,148190 10,319359 7,568355 12850428,800000 53,629469 -0,141324 
52,389913 1192,490290 9,800677 7,187423 15795029,100000 51,389913 -0,141184 
52,369833 1192,559690 9,796091 7,184049 15807431,000000 51,369833 -0,141183 
52,350333 1192,635850 9,791621 7,180805 15847614,900000 51,350333 -0,141181 
52,328935 1192,716240 9,787109 7,177450 15794810,800000 51,328935 -0,141180 
52,309748 1192,799450 9,782601 7,174114 15876951,600000 51,309748 -0,141179 
52,290258 1192,859490 9,777988 7,170866 15784428,600000 51,290258 -0,141178 
52,270742 1192,920730 9,773542 7,167558 15934495,600000 51,270742 -0,141177 
52,251782 1193,008210 9,769155 7,164348 15933284,300000 51,251782 -0,141175 
52,234192 1193,065790 9,764887 7,161116 15938114,300000 51,234192 -0,141174 
50,701019 1199,062810 9,406129 6,897505 18852660,700000 49,701019 -0,141074 
50,688560 1199,105490 9,403232 6,895329 18917811,800000 49,688560 -0,141074 
50,675814 1199,164570 9,400284 6,893131 18920445,200000 49,675814 -0,141073 
50,663112 1199,205560 9,397428 6,891058 18953718,700000 49,663112 -0,141072 
50,639817 1199,304420 9,391786 6,886969 18992466,500000 49,639817 -0,141070 
50,627569 1199,346180 9,388886 6,884726 18974632,000000 49,627569 -0,141070 
50,615287 1199,406210 9,386059 6,882675 19041079,800000 49,615287 -0,141069 
50,602648 1199,440460 9,383189 6,880637 19041709,800000 49,602648 -0,141068 
50,591331 1199,490030 9,380418 6,878590 19075256,900000 49,591331 -0,141067 
50,579025 1199,516950 9,377606 6,876515 19073290,200000 49,579025 -0,141067 
50,567763 1199,592130 9,374786 6,874424 19079344,000000 49,567763 -0,141066 
50,554344 1199,626780 9,372002 6,872412 19020254,900000 49,554344 -0,141065 
50,541998 1199,662030 9,369190 6,870298 19229422,700000 49,541998 -0,141064 
41,900956 1237,454340 7,090221 5,211598 44225379,000000 40,900956 -0,140449 
41,811588 1237,877320 7,063888 5,193448 44779886,600000 40,811588 -0,140443 
41,725092 1238,257340 7,040642 5,176348 45547361,600000 40,725092 -0,140437 
41,634546 1238,683920 7,020787 5,161439 46051364,600000 40,634546 -0,140430 
41,545684 1239,114930 6,997076 5,144468 46473422,400000 40,545684 -0,140423 
41,453578 1239,522480 6,973131 5,127038 47370079,700000 40,453578 -0,140416 
41,364646 1239,967910 6,944816 5,107427 48188405,500000 40,364646 -0,140409 
41,272225 1240,437780 6,907187 5,081448 48294649,600000 40,272225 -0,140402 
41,176839 1240,902810 6,884501 5,063805 48592741,600000 40,176839 -0,140394 
41,078649 1241,372950 6,864760 5,048556 49138999,500000 40,078649 -0,140387 
26,785816 1327,093420 3,264424 2,393221 98999999999999993400000000000000000000,000000 25,785816 -0,139082 
26,581576 1328,499400 3,250316 2,380830 98999999999999993400000000000000000000,000000 25,581576 -0,139062 
26,394094 1329,761700 3,235831 2,368601 98999999999999993400000000000000000000,000000 25,394094 -0,139043 
26,220192 1330,930160 3,223506 2,357892 98999999999999993400000000000000000000,000000 25,220192 -0,139026 
26,062063 1332,029470 3,212355 2,348232 98999999999999993400000000000000000000,000000 25,062063 -0,139010 
25,914239 1333,037220 3,201179 2,338839 98999999999999993400000000000000000000,000000 24,914239 -0,138996 
25,651632 1334,833040 3,179995 2,321213 98999999999999993400000000000000000000,000000 24,651632 -0,138970 
25,536790 1335,598580 3,171989 2,314289 98999999999999993400000000000000000000,000000 24,536790 -0,138959 
25,434284 1336,372400 3,165015 2,308168 98999999999999993400000000000000000000,000000 24,434284 -0,138947 
24,226436 1344,997160 3,072187 2,230724 98999999999999993400000000000000000000,000000 23,226436 -0,138823 
24,223616 1345,015420 3,072925 2,231186 98999999999999993400000000000000000000,000000 23,223616 -0,138823 
24,220836 1345,039700 3,073092 2,231297 98999999999999993400000000000000000000,000000 23,220836 -0,138823 
24,218980 1345,068130 3,071383 2,230224 98999999999999993400000000000000000000,000000 23,218980 -0,138822 
24,215610 1345,107610 3,067997 2,228028 98999999999999993400000000000000000000,000000 23,215610 -0,138822 
24,213605 1345,131690 3,069799 2,229084 98999999999999993400000000000000000000,000000 23,213605 -0,138821 
24,210340 1345,106230 3,071205 2,229963 98999999999999993400000000000000000000,000000 23,210340 -0,138822 
24,207913 1345,126730 3,071255 2,230141 98999999999999993400000000000000000000,000000 23,207913 -0,138821 
24,165895 1345,432360 3,068684 2,227864 98999999999999993400000000000000000000,000000 23,165895 -0,138817 
24,163094 1345,452200 3,067455 2,227093 98999999999999993400000000000000000000,000000 23,163094 -0,138817 
24,167673 1345,430180 3,068654 2,227799 98999999999999993400000000000000000000,000000 23,167673 -0,138817 
24,168080 1345,422770 3,059280 2,222163 98999999999999993400000000000000000000,000000 23,168080 -0,138817 
24,166730 1345,431260 3,060251 2,222481 98999999999999993400000000000000000000,000000 23,166730 -0,138817 
24,162481 1345,443800 3,064776 2,225188 98999999999999993400000000000000000000,000000 23,162481 -0,138817 
24,161485 1345,484470 3,067277 2,226765 98999999999999993400000000000000000000,000000 23,161485 -0,138816 
24,161635 1345,453570 3,067462 2,226948 98999999999999993400000000000000000000,000000 23,161635 -0,138817 
24,163449 1345,466960 3,066739 2,226607 98999999999999993400000000000000000000,000000 23,163449 -0,138817 
24,164272 1345,468940 3,068348 2,227588 98999999999999993400000000000000000000,000000 23,164272 -0,138817 
27,320205 1321,551900 3,927528 2,855487 98999999999999993400000000000000000000,000000 26,320205 -0,139163 
27,393301 1321,007090 3,943710 2,867500 98999999999999993400000000000000000000,000000 26,393301 -0,139171 
27,467178 1320,489060 3,959802 2,879400 98999999999999993400000000000000000000,000000 26,467178 -0,139179 
27,538759 1320,024900 3,975706 2,891258 98999999999999993400000000000000000000,000000 26,538759 -0,139186 
27,609613 1319,507210 3,991637 2,903062 98999999999999993400000000000000000000,000000 26,609613 -0,139193 
27,680134 1319,032370 4,007300 2,914662 98999999999999993400000000000000000000,000000 26,680134 -0,139200 
27,750533 1318,551010 4,022871 2,926253 98999999999999993400000000000000000000,000000 26,750533 -0,139207 
27,820882 1318,022750 4,038521 2,937838 98999999999999993400000000000000000000,000000 26,820882 -0,139215 
27,889721 1317,544100 4,054003 2,949296 98999999999999993400000000000000000000,000000 26,889721 -0,139222 
27,958851 1317,106200 4,069267 2,960706 98999999999999993400000000000000000000,000000 26,958851 -0,139229 
29,773963 1304,855020 4,480402 3,265364 98999999999999993400000000000000000000,000000 28,773963 -0,139410 
29,830882 1304,498320 4,493475 3,275051 98999999999999993400000000000000000000,000000 28,830882 -0,139415 
29,888914 1304,120210 4,506390 3,284735 98999999999999993400000000000000000000,000000 28,888914 -0,139421 
29,946080 1303,755180 4,519446 3,294303 98999999999999993400000000000000000000,000000 28,946080 -0,139427 
30,000978 1303,404070 4,532281 3,303794 98999999999999993400000000000000000000,000000 29,000978 -0,139432 
30,057831 1302,994780 4,545006 3,313244 98999999999999993400000000000000000000,000000 29,057831 -0,139438 
30,113557 1302,666230 4,557544 3,322559 98999999999999993400000000000000000000,000000 29,113557 -0,139443 
30,168303 1302,297880 4,570250 3,331907 98999999999999993400000000000000000000,000000 29,168303 -0,139448 
30,224296 1301,961530 4,582775 3,341253 98999999999999993400000000000000000000,000000 29,224296 -0,139453 
30,279182 1301,615920 4,595179 3,350414 98999999999999993400000000000000000000,000000 29,279182 -0,139458 
33,390414 1282,421300 5,313012 3,881796 114642251,000000 32,390414 -0,139748 
33,427539 1282,194680 5,321766 3,888228 112752439,000000 32,427539 -0,139752 
33,464816 1281,982320 5,330587 3,894714 112563496,000000 32,464816 -0,139755 
33,501780 1281,757610 5,339184 3,901119 112823199,000000 32,501780 -0,139758 
33,539487 1281,559770 5,348031 3,907609 111700838,000000 32,539487 -0,139761 
33,577855 1281,336420 5,356822 3,914095 111344136,000000 32,577855 -0,139765 
33,612900 1281,120360 5,365545 3,920591 111777319,000000 32,612900 -0,139768 
33,650426 1280,899340 5,374210 3,927015 112041399,000000 32,650426 -0,139771 
37,151292 1261,346540 6,193951 4,532993 72704360,600000 36,151292 -0,140073 
37,172757 1261,215370 6,199092 4,536688 73696576,100000 36,172757 -0,140075 
37,193549 1261,096610 6,204057 4,540396 73119455,600000 36,193549 -0,140077 
37,214681 1260,984440 6,209021 4,544075 72457391,700000 36,214681 -0,140078 
37,236769 1260,901310 6,214040 4,547735 72507074,500000 36,236769 -0,140080 
37,273534 1260,642260 6,223867 4,555086 72007415,200000 36,273534 -0,140084 
37,319864 1260,421300 6,233804 4,562318 72535448,200000 36,319864 -0,140087 
37,340772 1260,324270 6,238727 4,565941 71601481,500000 36,340772 -0,140089 
37,361722 1260,230340 6,243454 4,569558 71928875,200000 36,361722 -0,140090 
38,153698 1256,044290 6,431812 4,708469 65642763,000000 37,153698 -0,140156 
38,172254 1255,951640 6,435981 4,711552 66516062,000000 37,172254 -0,140157 
38,189622 1255,858600 6,440242 4,714724 64890182,000000 37,189622 -0,140159 
38,207513 1255,780510 6,444293 4,717740 65385569,000000 37,207513 -0,140160 
38,225894 1255,684980 6,448390 4,720806 65005467,200000 37,225894 -0,140161 
38,244029 1255,581310 6,452320 4,723750 64240915,100000 37,244029 -0,140163 
38,261921 1255,495800 6,456447 4,726725 64649003,100000 37,261921 -0,140164 
38,277788 1255,383860 6,460361 4,729675 65430206,300000 37,277788 -0,140166 
38,296062 1255,288710 6,464422 4,732648 64206012,000000 37,296062 -0,140167 
38,313299 1255,213680 6,468462 4,735620 64478201,100000 37,313299 -0,140169 
23,765891 1348,425440 3,004797 2,180131 98999999999999993400000000000000000000,000000 22,765891 -0,138774 
23,764874 1348,437590 3,005594 2,180531 98999999999999993400000000000000000000,000000 22,764874 -0,138774 
23,764903 1348,447000 3,005398 2,180554 98999999999999993400000000000000000000,000000 22,764903 -0,138774 
23,764660 1348,430780 3,005526 2,180622 98999999999999993400000000000000000000,000000 22,764660 -0,138774 
23,764012 1348,424400 3,005359 2,180453 98999999999999993400000000000000000000,000000 22,764012 -0,138774 
23,764317 1348,436970 3,003876 2,179756 98999999999999993400000000000000000000,000000 22,764317 -0,138774 
23,763490 1348,416630 3,002985 2,179156 98999999999999993400000000000000000000,000000 22,763490 -0,138774 
23,760941 1348,466100 2,999509 2,177803 98999999999999993400000000000000000000,000000 22,760941 -0,138774 
23,759159 1348,455010 2,995735 2,176500 98999999999999993400000000000000000000,000000 22,759159 -0,138774 
23,758034 1348,451040 2,996024 2,176019 98999999999999993400000000000000000000,000000 22,758034 -0,138774 
23,755715 1348,493800 2,992375 2,174754 98999999999999993400000000000000000000,000000 22,755715 -0,138773 
23,729932 1348,781730 2,995264 2,176949 98999999999999993400000000000000000000,000000 22,729932 -0,138769 
23,728338 1348,811650 2,992782 2,175504 98999999999999993400000000000000000000,000000 22,728338 -0,138769 
23,729110 1348,829800 2,992891 2,175716 98999999999999993400000000000000000000,000000 22,729110 -0,138768 
23,728645 1348,830620 2,992501 2,175791 98999999999999993400000000000000000000,000000 22,728645 -0,138768 
23,728431 1348,798340 2,991753 2,175128 98999999999999993400000000000000000000,000000 22,728431 -0,138769 
23,728315 1348,809530 2,992314 2,175415 98999999999999993400000000000000000000,000000 22,728315 -0,138769 
23,727965 1348,816330 2,992074 2,175343 98999999999999993400000000000000000000,000000 22,727965 -0,138769 
23,724537 1348,844640 2,991952 2,175257 98999999999999993400000000000000000000,000000 22,724537 -0,138768 
23,726276 1348,837760 2,992384 2,175457 98999999999999993400000000000000000000,000000 22,726276 -0,138768 
23,726029 1348,812650 2,992159 2,175601 98999999999999993400000000000000000000,000000 22,726029 -0,138769 
23,726351 1348,857290 2,991924 2,175983 98999999999999993400000000000000000000,000000 22,726351 -0,138768 
23,728312 1348,890430 2,996327 2,179360 98999999999999993400000000000000000000,000000 22,728312 -0,138768 
23,728938 1348,907390 2,997079 2,179567 98999999999999993400000000000000000000,000000 22,728938 -0,138767 
23,730524 1348,898800 2,996521 2,178616 98999999999999993400000000000000000000,000000 22,730524 -0,138767 
23,732173 1348,884800 2,996395 2,178122 98999999999999993400000000000000000000,000000 22,732173 -0,138768 
23,732573 1348,872790 2,994843 2,177058 98999999999999993400000000000000000000,000000 22,732573 -0,138768 
23,731779 1348,881440 2,993458 2,176283 98999999999999993400000000000000000000,000000 22,731779 -0,138768 
23,728171 1348,891270 2,993049 2,175961 98999999999999993400000000000000000000,000000 22,728171 -0,138768 
23,728248 1348,878330 2,991903 2,175191 98999999999999993400000000000000000000,000000 22,728248 -0,138768 
23,729830 1348,908720 2,992918 2,176218 98999999999999993400000000000000000000,000000 22,729830 -0,138767 
23,729212 1348,891570 2,993295 2,176208 98999999999999993400000000000000000000,000000 22,729212 -0,138768 
23,728080 1348,931060 2,994272 2,176794 98999999999999993400000000000000000000,000000 22,728080 -0,138767 
