23,729932 1348,781730 2,995264 2,176949 98999999999999993400000000000000000000,000000 22,729932 -0,138769 
23,728338 1348,811650 2,992782 2,175504 98999999999999993400000000000000000000,000000 22,728338 -0,138769 
23,729110 1348,829800 2,992891 2,175716 98999999999999993400000000000000000000,000000 22,729110 -0,138768 
23,728645 1348,830620 2,992501 2,175791 98999999999999993400000000000000000000,000000 22,728645 -0,138768 
23,728431 1348,798340 2,991753 2,175128 98999999999999993400000000000000000000,000000 22,728431 -0,138769 
23,728315 1348,809530 2,992314 2,175415 98999999999999993400000000000000000000,000000 22,728315 -0,138769 
23,727965 1348,816330 2,992074 2,175343 98999999999999993400000000000000000000,000000 22,727965 -0,138769 
23,724537 1348,844640 2,991952 2,175257 98999999999999993400000000000000000000,000000 22,724537 -0,138768 
23,726276 1348,837760 2,992384 2,175457 98999999999999993400000000000000000000,000000 22,726276 -0,138768 
23,726029 1348,812650 2,992159 2,175601 98999999999999993400000000000000000000,000000 22,726029 -0,138769 
23,726351 1348,857290 2,991924 2,175983 98999999999999993400000000000000000000,000000 22,726351 -0,138768 
23,728312 1348,890430 2,996327 2,179360 98999999999999993400000000000000000000,000000 22,728312 -0,138768 
23,728938 1348,907390 2,997079 2,179567 98999999999999993400000000000000000000,000000 22,728938 -0,138767 
23,730524 1348,898800 2,996521 2,178616 98999999999999993400000000000000000000,000000 22,730524 -0,138767 
23,732173 1348,884800 2,996395 2,178122 98999999999999993400000000000000000000,000000 22,732173 -0,138768 
23,732573 1348,872790 2,994843 2,177058 98999999999999993400000000000000000000,000000 22,732573 -0,138768 
23,731779 1348,881440 2,993458 2,176283 98999999999999993400000000000000000000,000000 22,731779 -0,138768 
23,728171 1348,891270 2,993049 2,175961 98999999999999993400000000000000000000,000000 22,728171 -0,138768 
23,728248 1348,878330 2,991903 2,175191 98999999999999993400000000000000000000,000000 22,728248 -0,138768 
23,729830 1348,908720 2,992918 2,176218 98999999999999993400000000000000000000,000000 22,729830 -0,138767 
23,729212 1348,891570 2,993295 2,176208 98999999999999993400000000000000000000,000000 22,729212 -0,138768 
23,728080 1348,931060 2,994272 2,176794 98999999999999993400000000000000000000,000000 22,728080 -0,138767 
 
