110,237190 1044,421730 23,591783 17,201521 216465,232000 109,237190 -0,143879 
110,255851 1044,370820 23,599291 17,206810 218835,692000 109,255851 -0,143881 
110,256439 1044,369690 23,599707 17,206958 218374,922000 109,256439 -0,143881 
110,255621 1044,388050 23,600090 17,207394 217073,203000 109,255621 -0,143880 
110,257528 1044,355820 23,602234 17,208414 218962,512000 109,257528 -0,143881 
110,264483 1044,344300 23,629102 17,223583 221559,810000 109,264483 -0,143881 
110,276510 1044,303500 23,646926 17,234822 220891,349000 109,276510 -0,143882 
110,292970 1044,295090 23,666037 17,247317 229874,037000 109,292970 -0,143882 
110,312942 1044,263550 23,680817 17,258169 225797,280000 109,312942 -0,143883 
110,338170 1044,207270 23,690614 17,266058 227006,640000 109,338170 -0,143884 
110,360185 1044,141150 23,696855 17,271561 228606,881000 109,360185 -0,143885 
110,411240 1044,085920 23,703067 17,277445 224615,242000 109,411240 -0,143886 
110,430651 1044,017630 23,704391 17,279087 224963,146000 109,430651 -0,143888 
