110,188664 1043,130850 23,560050 17,176704 239247,012000 109,188664 -0,143905 
110,192735 1043,136660 23,561609 17,178031 240069,890000 109,192735 -0,143905 
110,196325 1043,131440 23,562777 17,178817 251583,849000 109,196325 -0,143905 
110,195207 1043,127310 23,564184 17,179757 250447,923000 109,195207 -0,143905 
110,204391 1043,120930 23,565861 17,181129 251111,654000 109,204391 -0,143905 
110,204701 1043,116700 23,566169 17,181532 248763,751000 109,204701 -0,143905 
110,206586 1043,115850 23,566383 17,181545 250050,926000 109,206586 -0,143905 
110,207357 1043,114120 23,566446 17,181394 246852,923000 109,207357 -0,143905 
110,211603 1043,109180 23,566072 17,181387 246365,589000 109,211603 -0,143906 
110,212490 1043,106910 23,565489 17,181102 248174,632000 109,212490 -0,143906 
110,213079 1043,104810 23,556302 17,175337 251669,434000 109,213079 -0,143906 
