110,148883 1043,202110 23,552169 17,171078 240191,758000 109,148883 -0,143884 
110,156337 1043,192880 23,554063 17,172371 243373,278000 109,156337 -0,143884 
110,157903 1043,187560 23,553926 17,172410 240922,712000 109,157903 -0,143884 
110,158831 1043,187550 23,554019 17,172366 241402,766000 109,158831 -0,143884 
110,157457 1043,188850 23,554156 17,172562 240046,932000 109,157457 -0,143884 
110,158528 1043,186850 23,554206 17,172563 241856,579000 109,158528 -0,143884 
110,159212 1043,184340 23,554221 17,172605 242979,123000 109,159212 -0,143884 
110,158832 1043,182820 23,554171 17,172646 242123,510000 109,158832 -0,143884 
110,159342 1043,183310 23,554363 17,172723 240497,165000 109,159342 -0,143884 
110,159287 1043,177450 23,554479 17,172745 242461,154000 109,159287 -0,143884 
110,159532 1043,180080 23,554435 17,172776 242445,565000 109,159532 -0,143884 
110,159417 1043,173850 23,554643 17,172879 242879,890000 109,159417 -0,143884 
